8043
0,0,13,0
0,0,14,0
0,0,15,0
0,0,16,0
0,0,17,0
0,0,18,0
0,0,19,0
0,0,20,0
0,0,21,0
0,0,22,0
0,0,23,0
0,0,24,0
0,0,25,0
0,0,26,0
0,0,27,0
0,0,28,0
0,0,29,0
0,0,30,0
0,0,31,0
0,0,32,0
0,0,33,0
0,0,34,0
0,0,35,0
0,0,36,0
0,0,37,0
0,0,38,0
0,0,39,0
0,0,40,0
0,0,41,0
0,0,42,0
0,1,1,1
0,1,2,1
0,1,3,2
0,1,6,1
0,1,7,1
0,1,8,1
0,1,9,1
0,1,12,3
0,1,13,4
0,1,14,5
0,1,15,5
0,1,16,5
0,1,17,5
0,1,18,4
0,1,19,5
0,1,20,5
0,1,21,5
0,1,22,5
0,1,23,4
0,1,24,5
0,1,25,5
0,1,26,5
0,1,27,4
0,1,28,4
0,1,29,5
0,1,30,5
0,1,31,5
0,1,32,4
0,1,33,5
0,1,34,5
0,1,35,5
0,1,36,5
0,1,37,4
0,1,38,5
0,1,39,5
0,1,40,5
0,1,41,5
0,1,42,4
0,2,12,3
0,2,13,4
0,2,14,5
0,2,15,5
0,2,16,5
0,2,17,5
0,2,18,4
0,2,19,5
0,2,20,5
0,2,21,5
0,2,22,5
0,2,23,4
0,2,24,5
0,2,25,5
0,2,26,5
0,2,27,4
0,2,28,4
0,2,29,5
0,2,30,5
0,2,31,5
0,2,32,4
0,2,33,5
0,2,34,5
0,2,35,5
0,2,36,5
0,2,37,4
0,2,38,5
0,2,39,5
0,2,40,5
0,2,41,5
0,2,42,4
0,3,12,3
0,3,13,6
0,3,14,3
0,3,15,3
0,3,16,3
0,3,17,3
0,3,18,6
0,3,19,3
0,3,20,3
0,3,21,3
0,3,22,3
0,3,23,6
0,3,24,3
0,3,25,3
0,3,26,3
0,3,27,6
0,3,28,6
0,3,29,3
0,3,30,3
0,3,31,3
0,3,32,6
0,3,33,3
0,3,34,3
0,3,35,3
0,3,36,3
0,3,37,6
0,3,38,3
0,3,39,3
0,3,40,3
0,3,41,3
0,3,42,6
0,4,12,3
0,4,13,3
0,4,14,3
0,4,15,3
0,4,16,3
0,4,17,3
0,4,18,3
0,4,19,3
0,4,20,3
0,4,21,3
0,4,22,3
0,4,23,3
0,4,24,3
0,4,25,3
0,4,26,3
0,4,27,3
0,4,28,3
0,4,29,3
0,4,30,3
0,4,31,3
0,4,32,3
0,4,33,3
0,4,34,3
0,4,35,3
0,4,36,3
0,4,37,3
0,4,38,3
0,4,39,3
0,4,40,3
0,4,41,3
0,4,42,3
0,5,12,3
0,5,13,3
0,5,14,3
0,5,15,3
0,5,16,3
0,5,17,3
0,5,18,3
0,5,19,3
0,5,20,3
0,5,21,3
0,5,22,3
0,5,23,3
0,5,24,3
0,5,25,3
0,5,26,3
0,5,27,3
0,5,28,3
0,5,29,3
0,5,30,3
0,5,31,3
0,5,32,3
0,5,33,3
0,5,34,3
0,5,35,3
0,5,36,3
0,5,37,3
0,5,38,3
0,5,39,3
0,5,40,3
0,5,41,3
0,5,42,3
0,6,12,3
0,6,13,3
0,6,14,3
0,6,15,3
0,6,16,3
0,6,17,3
0,6,18,3
0,6,19,3
0,6,20,3
0,6,21,3
0,6,22,3
0,6,23,3
0,6,24,3
0,6,25,3
0,6,26,3
0,6,27,3
0,6,28,3
0,6,29,3
0,6,30,3
0,6,31,3
0,6,32,3
0,6,33,3
0,6,34,3
0,6,35,3
0,6,36,3
0,6,37,3
0,6,38,3
0,6,39,3
0,6,40,3
0,6,41,3
0,6,42,3
0,7,12,3
0,7,13,3
0,7,14,3
0,7,15,3
0,7,16,3
0,7,17,3
0,7,18,3
0,7,19,3
0,7,20,3
0,7,21,3
0,7,22,3
0,7,23,3
0,7,24,3
0,7,25,3
0,7,26,3
0,7,27,3
0,7,28,3
0,7,29,3
0,7,30,3
0,7,31,3
0,7,32,3
0,7,33,3
0,7,34,3
0,7,35,3
0,7,36,3
0,7,37,3
0,7,38,3
0,7,39,3
0,7,40,3
0,7,41,3
0,7,42,3
0,8,12,3
0,8,13,3
0,8,14,3
0,8,15,3
0,8,16,3
0,8,17,3
0,8,18,3
0,8,19,3
0,8,20,3
0,8,21,3
0,8,22,3
0,8,23,3
0,8,24,3
0,8,25,3
0,8,26,3
0,8,27,3
0,8,28,3
0,8,29,3
0,8,30,3
0,8,31,3
0,8,32,3
0,8,33,3
0,8,34,3
0,8,35,3
0,8,36,3
0,8,37,3
0,8,38,3
0,8,39,3
0,8,40,3
0,8,41,3
0,8,42,3
0,9,12,3
0,9,13,3
0,9,14,3
0,9,15,3
0,9,16,3
0,9,17,3
0,9,18,3
0,9,19,3
0,9,20,3
0,9,21,3
0,9,22,3
0,9,23,3
0,9,24,3
0,9,25,3
0,9,26,3
0,9,27,3
0,9,28,3
0,9,29,3
0,9,30,3
0,9,31,3
0,9,32,3
0,9,33,3
0,9,34,3
0,9,35,3
0,9,36,3
0,9,37,3
0,9,38,3
0,9,39,3
0,9,40,3
0,9,41,3
0,9,42,3
0,10,12,3
0,10,13,3
0,10,14,3
0,10,15,3
0,10,16,3
0,10,17,3
0,10,18,3
0,10,19,3
0,10,20,3
0,10,21,3
0,10,22,3
0,10,23,3
0,10,24,3
0,10,25,3
0,10,26,3
0,10,27,3
0,10,28,3
0,10,29,3
0,10,30,3
0,10,31,3
0,10,32,3
0,10,33,3
0,10,34,3
0,10,35,3
0,10,36,3
0,10,37,3
0,10,38,3
0,10,39,3
0,10,40,3
0,10,41,3
0,10,42,3
1,0,13,0
1,0,14,7
1,0,15,7
1,0,16,7
1,0,17,0
1,0,18,7
1,0,19,0
1,0,20,7
1,0,21,7
1,0,22,7
1,0,23,7
1,0,24,7
1,0,25,7
1,0,26,7
1,0,27,7
1,0,28,7
1,0,29,7
1,0,30,7
1,0,31,7
1,0,32,0
1,0,33,7
1,0,34,0
1,0,35,7
1,0,36,7
1,0,37,7
1,0,38,7
1,0,39,7
1,0,40,7
1,0,41,7
1,0,42,0
1,1,0,1
1,1,1,1
1,1,2,1
1,1,3,1
1,1,6,1
1,1,7,8
1,1,8,1
1,1,10,9
1,1,12,3
1,1,13,5
1,1,14,3
1,1,15,3
1,1,16,3
1,1,17,3
1,1,18,10
1,1,19,3
1,1,20,3
1,1,21,3
1,1,22,3
1,1,23,3
1,1,24,3
1,1,25,3
1,1,26,3
1,1,27,3
1,1,28,3
1,1,29,3
1,1,30,3
1,1,31,3
1,1,32,3
1,1,33,10
1,1,34,3
1,1,35,3
1,1,36,3
1,1,37,3
1,1,38,3
1,1,39,3
1,1,40,3
1,1,41,3
1,1,42,5
1,2,12,3
1,2,13,5
1,2,14,3
1,2,15,3
1,2,16,3
1,2,17,3
1,2,18,3
1,2,19,3
1,2,20,3
1,2,21,3
1,2,22,3
1,2,23,3
1,2,24,3
1,2,25,3
1,2,26,3
1,2,27,3
1,2,28,3
1,2,29,3
1,2,30,3
1,2,31,3
1,2,32,3
1,2,33,3
1,2,34,3
1,2,35,3
1,2,36,3
1,2,37,3
1,2,38,3
1,2,39,3
1,2,40,3
1,2,41,3
1,2,42,5
1,3,12,3
1,3,13,3
1,3,14,3
1,3,15,3
1,3,16,3
1,3,17,3
1,3,18,3
1,3,19,3
1,3,20,3
1,3,21,3
1,3,22,3
1,3,23,3
1,3,24,3
1,3,25,3
1,3,26,3
1,3,27,3
1,3,28,3
1,3,29,3
1,3,30,3
1,3,31,3
1,3,32,3
1,3,33,3
1,3,34,3
1,3,35,3
1,3,36,3
1,3,37,3
1,3,38,3
1,3,39,3
1,3,40,3
1,3,41,3
1,3,42,3
1,4,12,3
1,4,13,3
1,4,14,3
1,4,15,3
1,4,16,3
1,4,17,3
1,4,18,11
1,4,19,3
1,4,20,3
1,4,21,3
1,4,22,3
1,4,23,3
1,4,24,3
1,4,25,3
1,4,26,3
1,4,27,3
1,4,28,3
1,4,29,3
1,4,30,3
1,4,31,3
1,4,32,3
1,4,33,11
1,4,34,3
1,4,35,3
1,4,36,3
1,4,37,3
1,4,38,3
1,4,39,3
1,4,40,3
1,4,41,3
1,4,42,3
1,5,12,3
1,5,13,3
1,5,14,3
1,5,15,3
1,5,16,3
1,5,17,12
1,5,18,13
1,5,19,14
1,5,20,3
1,5,21,3
1,5,22,3
1,5,23,3
1,5,24,3
1,5,25,3
1,5,26,3
1,5,27,3
1,5,28,3
1,5,29,3
1,5,30,3
1,5,31,3
1,5,32,12
1,5,33,13
1,5,34,14
1,5,35,3
1,5,36,3
1,5,37,3
1,5,38,3
1,5,39,3
1,5,40,3
1,5,41,3
1,5,42,3
1,6,12,3
1,6,13,3
1,6,14,3
1,6,15,3
1,6,16,3
1,6,17,3
1,6,18,3
1,6,19,3
1,6,20,3
1,6,21,3
1,6,22,3
1,6,23,3
1,6,24,3
1,6,25,3
1,6,26,3
1,6,27,3
1,6,28,3
1,6,29,3
1,6,30,3
1,6,31,3
1,6,32,3
1,6,33,3
1,6,34,3
1,6,35,3
1,6,36,3
1,6,37,3
1,6,38,3
1,6,39,3
1,6,40,3
1,6,41,3
1,6,42,3
1,7,12,3
1,7,13,3
1,7,14,3
1,7,15,3
1,7,16,3
1,7,17,3
1,7,18,3
1,7,19,3
1,7,20,3
1,7,21,3
1,7,22,3
1,7,23,3
1,7,24,3
1,7,25,3
1,7,26,3
1,7,27,3
1,7,28,3
1,7,29,3
1,7,30,3
1,7,31,3
1,7,32,3
1,7,33,3
1,7,34,3
1,7,35,3
1,7,36,3
1,7,37,3
1,7,38,3
1,7,39,3
1,7,40,3
1,7,41,3
1,7,42,3
1,8,12,3
1,8,13,3
1,8,14,3
1,8,15,3
1,8,16,3
1,8,17,3
1,8,18,3
1,8,19,3
1,8,20,3
1,8,21,3
1,8,22,3
1,8,23,3
1,8,24,3
1,8,25,3
1,8,26,3
1,8,27,3
1,8,28,3
1,8,29,3
1,8,30,3
1,8,31,3
1,8,32,3
1,8,33,3
1,8,34,3
1,8,35,3
1,8,36,3
1,8,37,3
1,8,38,3
1,8,39,3
1,8,40,3
1,8,41,3
1,8,42,3
1,9,12,3
1,9,13,3
1,9,14,3
1,9,15,3
1,9,16,3
1,9,17,3
1,9,18,3
1,9,19,3
1,9,20,3
1,9,21,3
1,9,22,3
1,9,23,3
1,9,24,3
1,9,25,3
1,9,26,3
1,9,27,3
1,9,28,3
1,9,29,3
1,9,30,3
1,9,31,3
1,9,32,3
1,9,33,3
1,9,34,3
1,9,35,3
1,9,36,3
1,9,37,3
1,9,38,3
1,9,39,3
1,9,40,3
1,9,41,3
1,9,42,3
1,10,12,3
1,10,13,3
1,10,14,3
1,10,15,3
1,10,16,3
1,10,17,3
1,10,18,3
1,10,19,3
1,10,20,3
1,10,21,3
1,10,22,3
1,10,23,3
1,10,24,3
1,10,25,3
1,10,26,3
1,10,27,3
1,10,28,3
1,10,29,3
1,10,30,3
1,10,31,3
1,10,32,3
1,10,33,3
1,10,34,3
1,10,35,3
1,10,36,3
1,10,37,3
1,10,38,3
1,10,39,3
1,10,40,3
1,10,41,3
1,10,42,3
2,0,0,0
2,0,1,0
2,0,2,0
2,0,3,0
2,0,4,0
2,0,5,0
2,0,6,0
2,0,7,0
2,0,8,0
2,0,9,0
2,0,10,0
2,0,11,0
2,0,12,0
2,0,13,0
2,0,14,7
2,0,15,7
2,0,16,7
2,0,17,7
2,0,18,7
2,0,19,7
2,0,20,7
2,0,21,7
2,0,22,7
2,0,23,7
2,0,24,7
2,0,25,7
2,0,26,7
2,0,27,7
2,0,28,7
2,0,29,7
2,0,30,7
2,0,31,7
2,0,32,7
2,0,33,7
2,0,34,7
2,0,35,7
2,0,36,7
2,0,37,7
2,0,38,7
2,0,39,7
2,0,40,7
2,0,41,7
2,0,42,0
2,1,0,4
2,1,1,5
2,1,2,5
2,1,3,5
2,1,4,5
2,1,5,4
2,1,6,5
2,1,7,5
2,1,8,4
2,1,9,5
2,1,10,5
2,1,11,5
2,1,12,5
2,1,13,4
2,1,14,3
2,1,15,15
2,1,16,3
2,1,17,16
2,1,18,17
2,1,19,18
2,1,20,3
2,1,21,19
2,1,22,20
2,1,23,20
2,1,24,20
2,1,25,20
2,1,26,20
2,1,27,3
2,1,28,21
2,1,29,21
2,1,30,22
2,1,31,3
2,1,32,16
2,1,33,17
2,1,34,18
2,1,35,3
2,1,36,23
2,1,37,24
2,1,38,24
2,1,39,24
2,1,40,24
2,1,41,3
2,1,42,5
2,2,0,4
2,2,1,5
2,2,2,5
2,2,3,5
2,2,4,5
2,2,5,4
2,2,6,5
2,2,7,5
2,2,8,4
2,2,9,5
2,2,10,5
2,2,11,5
2,2,12,5
2,2,13,4
2,2,14,3
2,2,15,3
2,2,16,3
2,2,17,3
2,2,18,17
2,2,19,3
2,2,20,3
2,2,21,3
2,2,22,20
2,2,23,20
2,2,24,20
2,2,25,20
2,2,26,20
2,2,27,3
2,2,28,21
2,2,29,21
2,2,30,3
2,2,31,3
2,2,32,3
2,2,33,17
2,2,34,3
2,2,35,3
2,2,36,3
2,2,37,24
2,2,38,24
2,2,39,24
2,2,40,24
2,2,41,3
2,2,42,5
2,3,0,25
2,3,1,3
2,3,2,3
2,3,3,3
2,3,4,3
2,3,5,6
2,3,6,3
2,3,7,3
2,3,8,6
2,3,9,3
2,3,10,3
2,3,11,3
2,3,12,3
2,3,13,6
2,3,14,3
2,3,15,3
2,3,16,3
2,3,17,3
2,3,18,17
2,3,19,3
2,3,20,3
2,3,21,3
2,3,22,3
2,3,23,3
2,3,24,3
2,3,25,3
2,3,26,3
2,3,27,3
2,3,28,3
2,3,29,3
2,3,30,3
2,3,31,3
2,3,32,3
2,3,33,17
2,3,34,3
2,3,35,3
2,3,36,3
2,3,37,3
2,3,38,3
2,3,39,3
2,3,40,3
2,3,41,3
2,3,42,3
2,4,0,3
2,4,1,3
2,4,2,3
2,4,3,3
2,4,4,3
2,4,5,3
2,4,6,3
2,4,7,3
2,4,8,3
2,4,9,3
2,4,10,3
2,4,11,3
2,4,12,3
2,4,13,3
2,4,14,3
2,4,15,3
2,4,16,3
2,4,17,3
2,4,18,17
2,4,19,3
2,4,20,3
2,4,21,3
2,4,22,3
2,4,23,3
2,4,24,3
2,4,25,3
2,4,26,3
2,4,27,3
2,4,28,3
2,4,29,3
2,4,30,3
2,4,31,3
2,4,32,3
2,4,33,17
2,4,34,3
2,4,35,3
2,4,36,3
2,4,37,3
2,4,38,3
2,4,39,3
2,4,40,3
2,4,41,3
2,4,42,3
2,5,0,3
2,5,1,3
2,5,2,3
2,5,3,3
2,5,4,3
2,5,5,3
2,5,6,3
2,5,7,3
2,5,8,3
2,5,9,3
2,5,10,3
2,5,11,3
2,5,12,3
2,5,13,3
2,5,14,3
2,5,15,3
2,5,16,3
2,5,17,12
2,5,18,17
2,5,19,14
2,5,20,3
2,5,21,3
2,5,22,3
2,5,23,3
2,5,24,3
2,5,25,3
2,5,26,3
2,5,27,3
2,5,28,3
2,5,29,3
2,5,30,3
2,5,31,3
2,5,32,12
2,5,33,17
2,5,34,14
2,5,35,3
2,5,36,3
2,5,37,3
2,5,38,3
2,5,39,3
2,5,40,3
2,5,41,3
2,5,42,3
2,6,0,3
2,6,1,3
2,6,2,3
2,6,3,3
2,6,4,3
2,6,5,3
2,6,6,3
2,6,7,3
2,6,8,3
2,6,9,3
2,6,10,3
2,6,11,17
2,6,12,5
2,6,13,5
2,6,14,5
2,6,15,5
2,6,16,5
2,6,17,5
2,6,18,17
2,6,19,5
2,6,20,5
2,6,21,5
2,6,22,5
2,6,23,5
2,6,24,5
2,6,25,5
2,6,26,5
2,6,27,5
2,6,28,5
2,6,29,5
2,6,30,5
2,6,31,5
2,6,32,5
2,6,33,17
2,6,34,5
2,6,35,5
2,6,36,5
2,6,37,17
2,6,38,3
2,6,39,3
2,6,40,3
2,6,41,3
2,6,42,3
2,7,0,3
2,7,1,3
2,7,2,3
2,7,3,3
2,7,4,3
2,7,5,3
2,7,6,3
2,7,7,3
2,7,8,3
2,7,9,3
2,7,10,3
2,7,11,3
2,7,12,3
2,7,13,3
2,7,14,3
2,7,15,3
2,7,16,3
2,7,17,3
2,7,18,3
2,7,19,3
2,7,20,3
2,7,21,3
2,7,22,3
2,7,23,3
2,7,24,3
2,7,25,3
2,7,26,3
2,7,27,3
2,7,28,3
2,7,29,3
2,7,30,3
2,7,31,3
2,7,32,3
2,7,33,3
2,7,34,3
2,7,35,3
2,7,36,3
2,7,37,3
2,7,38,3
2,7,39,3
2,7,40,3
2,7,41,3
2,7,42,3
2,8,12,3
2,8,13,3
2,8,14,3
2,8,15,3
2,8,16,3
2,8,17,3
2,8,18,3
2,8,19,3
2,8,20,3
2,8,21,3
2,8,22,3
2,8,23,3
2,8,24,3
2,8,25,3
2,8,26,3
2,8,27,3
2,8,28,3
2,8,29,3
2,8,30,3
2,8,31,3
2,8,32,3
2,8,33,3
2,8,34,3
2,8,35,3
2,8,36,3
2,8,37,3
2,8,38,3
2,8,39,3
2,8,40,3
2,8,41,3
2,8,42,3
2,9,12,3
2,9,13,3
2,9,14,3
2,9,15,3
2,9,16,3
2,9,17,3
2,9,18,3
2,9,19,3
2,9,20,3
2,9,21,3
2,9,22,3
2,9,23,3
2,9,24,3
2,9,25,3
2,9,26,3
2,9,27,3
2,9,28,3
2,9,29,3
2,9,30,3
2,9,31,3
2,9,32,3
2,9,33,3
2,9,34,3
2,9,35,3
2,9,36,3
2,9,37,3
2,9,38,3
2,9,39,3
2,9,40,3
2,9,41,3
2,9,42,3
2,10,12,26
2,10,13,26
2,10,14,26
2,10,15,26
2,10,16,26
2,10,17,26
2,10,18,26
2,10,19,26
2,10,20,26
2,10,21,26
2,10,22,26
2,10,23,26
2,10,24,26
2,10,25,26
2,10,26,26
2,10,27,26
2,10,28,26
2,10,29,26
2,10,30,26
2,10,31,26
2,10,32,26
2,10,33,26
2,10,34,26
2,10,35,26
2,10,36,26
2,10,37,26
2,10,38,26
2,10,39,26
2,10,40,3
2,10,41,3
2,10,42,3
3,0,0,0
3,0,1,7
3,0,2,7
3,0,3,7
3,0,4,7
3,0,5,7
3,0,6,7
3,0,7,7
3,0,8,7
3,0,9,7
3,0,10,7
3,0,11,7
3,0,12,7
3,0,13,7
3,0,14,7
3,0,15,7
3,0,16,7
3,0,17,7
3,0,18,7
3,0,19,7
3,0,20,7
3,0,21,7
3,0,22,7
3,0,23,7
3,0,24,7
3,0,25,7
3,0,26,7
3,0,27,7
3,0,28,7
3,0,29,7
3,0,30,7
3,0,31,7
3,0,32,7
3,0,33,7
3,0,34,7
3,0,35,7
3,0,36,7
3,0,37,7
3,0,38,7
3,0,39,7
3,0,40,7
3,0,41,7
3,0,42,0
3,1,0,5
3,1,1,3
3,1,2,3
3,1,3,3
3,1,4,3
3,1,5,3
3,1,6,3
3,1,7,3
3,1,8,3
3,1,9,3
3,1,10,3
3,1,11,3
3,1,12,3
3,1,13,3
3,1,14,3
3,1,15,3
3,1,16,3
3,1,17,3
3,1,18,27
3,1,19,3
3,1,20,28
3,1,21,28
3,1,22,20
3,1,23,20
3,1,24,20
3,1,25,20
3,1,26,20
3,1,27,3
3,1,28,21
3,1,29,21
3,1,30,29
3,1,31,19
3,1,32,3
3,1,33,27
3,1,34,3
3,1,35,30
3,1,36,30
3,1,37,24
3,1,38,24
3,1,39,24
3,1,40,24
3,1,41,3
3,1,42,5
3,2,0,5
3,2,1,3
3,2,2,3
3,2,3,3
3,2,4,3
3,2,5,3
3,2,6,3
3,2,7,3
3,2,8,3
3,2,9,3
3,2,10,3
3,2,11,3
3,2,12,3
3,2,13,3
3,2,14,3
3,2,15,3
3,2,16,3
3,2,17,3
3,2,18,3
3,2,19,3
3,2,20,19
3,2,21,31
3,2,22,20
3,2,23,20
3,2,24,20
3,2,25,20
3,2,26,20
3,2,27,3
3,2,28,21
3,2,29,21
3,2,30,23
3,2,31,3
3,2,32,3
3,2,33,3
3,2,34,3
3,2,35,3
3,2,36,19
3,2,37,24
3,2,38,24
3,2,39,24
3,2,40,24
3,2,41,3
3,2,42,5
3,3,0,3
3,3,1,3
3,3,2,3
3,3,3,3
3,3,4,3
3,3,5,3
3,3,6,3
3,3,7,3
3,3,8,3
3,3,9,3
3,3,10,3
3,3,11,3
3,3,12,3
3,3,13,3
3,3,14,3
3,3,15,3
3,3,16,3
3,3,17,11
3,3,18,3
3,3,19,3
3,3,20,3
3,3,21,3
3,3,22,3
3,3,23,3
3,3,24,3
3,3,25,3
3,3,26,3
3,3,27,3
3,3,28,3
3,3,29,3
3,3,30,3
3,3,31,3
3,3,32,3
3,3,33,3
3,3,34,3
3,3,35,3
3,3,36,22
3,3,37,28
3,3,38,3
3,3,39,3
3,3,40,3
3,3,41,3
3,3,42,3
3,4,0,3
3,4,1,3
3,4,2,3
3,4,3,3
3,4,4,3
3,4,5,3
3,4,6,3
3,4,7,3
3,4,8,3
3,4,9,3
3,4,10,3
3,4,11,3
3,4,12,3
3,4,13,11
3,4,14,3
3,4,15,3
3,4,16,3
3,4,17,3
3,4,18,3
3,4,19,3
3,4,20,3
3,4,21,3
3,4,22,3
3,4,23,3
3,4,24,3
3,4,25,3
3,4,26,3
3,4,27,3
3,4,28,3
3,4,29,3
3,4,30,3
3,4,31,3
3,4,32,3
3,4,33,3
3,4,34,3
3,4,35,3
3,4,36,3
3,4,37,3
3,4,38,11
3,4,39,3
3,4,40,3
3,4,41,3
3,4,42,3
3,5,0,3
3,5,1,3
3,5,2,3
3,5,3,3
3,5,4,3
3,5,5,3
3,5,6,3
3,5,7,3
3,5,8,3
3,5,9,3
3,5,10,3
3,5,11,3
3,5,12,7
3,5,13,7
3,5,14,7
3,5,15,7
3,5,16,7
3,5,17,7
3,5,18,7
3,5,19,7
3,5,20,7
3,5,21,7
3,5,22,7
3,5,23,7
3,5,24,7
3,5,25,7
3,5,26,7
3,5,27,7
3,5,28,7
3,5,29,7
3,5,30,7
3,5,31,7
3,5,32,7
3,5,33,7
3,5,34,7
3,5,35,7
3,5,36,7
3,5,37,3
3,5,38,3
3,5,39,3
3,5,40,3
3,5,41,3
3,5,42,3
3,6,0,3
3,6,1,3
3,6,2,3
3,6,3,3
3,6,4,3
3,6,5,3
3,6,6,3
3,6,7,3
3,6,8,3
3,6,9,3
3,6,10,3
3,6,11,5
3,6,12,3
3,6,13,3
3,6,14,3
3,6,15,3
3,6,16,3
3,6,17,3
3,6,18,3
3,6,19,3
3,6,20,3
3,6,21,3
3,6,22,3
3,6,23,3
3,6,24,3
3,6,25,3
3,6,26,3
3,6,27,3
3,6,28,3
3,6,29,3
3,6,30,3
3,6,31,3
3,6,32,3
3,6,33,3
3,6,34,3
3,6,35,3
3,6,36,3
3,6,37,5
3,6,38,3
3,6,39,3
3,6,40,3
3,6,41,3
3,6,42,3
3,7,0,3
3,7,1,3
3,7,2,3
3,7,3,3
3,7,4,3
3,7,5,3
3,7,6,3
3,7,7,3
3,7,8,3
3,7,9,3
3,7,10,3
3,7,11,3
3,7,12,3
3,7,13,3
3,7,14,3
3,7,15,3
3,7,16,3
3,7,17,3
3,7,18,3
3,7,19,3
3,7,20,3
3,7,21,3
3,7,22,3
3,7,23,3
3,7,24,3
3,7,25,3
3,7,26,3
3,7,27,3
3,7,28,3
3,7,29,3
3,7,30,3
3,7,31,3
3,7,32,3
3,7,33,3
3,7,34,3
3,7,35,3
3,7,36,3
3,7,37,3
3,7,38,3
3,7,39,3
3,7,40,3
3,7,41,3
3,7,42,3
3,8,12,3
3,8,13,3
3,8,14,11
3,8,15,3
3,8,16,3
3,8,17,3
3,8,18,3
3,8,19,3
3,8,20,3
3,8,21,3
3,8,22,3
3,8,23,3
3,8,24,3
3,8,25,3
3,8,26,3
3,8,27,3
3,8,28,3
3,8,29,3
3,8,30,3
3,8,31,3
3,8,32,3
3,8,33,3
3,8,34,3
3,8,35,11
3,8,36,3
3,8,37,3
3,8,38,13
3,8,39,13
3,8,40,3
3,8,41,3
3,8,42,3
3,9,12,3
3,9,13,3
3,9,14,3
3,9,15,3
3,9,16,3
3,9,17,3
3,9,18,3
3,9,19,3
3,9,20,3
3,9,21,3
3,9,22,3
3,9,23,3
3,9,24,3
3,9,25,3
3,9,26,3
3,9,27,3
3,9,28,3
3,9,29,3
3,9,30,3
3,9,31,3
3,9,32,3
3,9,33,3
3,9,34,3
3,9,35,3
3,9,36,3
3,9,37,3
3,9,38,3
3,9,39,3
3,9,40,3
3,9,41,3
3,9,42,3
3,10,12,32
3,10,13,32
3,10,14,32
3,10,15,32
3,10,16,32
3,10,17,32
3,10,18,32
3,10,19,32
3,10,20,32
3,10,21,32
3,10,22,32
3,10,23,32
3,10,24,32
3,10,25,32
3,10,26,32
3,10,27,32
3,10,28,32
3,10,29,32
3,10,30,32
3,10,31,32
3,10,32,32
3,10,33,32
3,10,34,32
3,10,35,32
3,10,36,32
3,10,37,32
3,10,38,32
3,10,39,32
3,10,40,3
3,10,41,3
3,10,42,3
4,0,0,0
4,0,1,7
4,0,2,7
4,0,3,7
4,0,4,7
4,0,5,7
4,0,6,7
4,0,7,7
4,0,8,7
4,0,9,7
4,0,10,7
4,0,11,7
4,0,12,7
4,0,13,7
4,0,14,7
4,0,15,7
4,0,16,7
4,0,17,7
4,0,18,7
4,0,19,7
4,0,20,7
4,0,21,7
4,0,22,7
4,0,23,7
4,0,24,7
4,0,25,7
4,0,26,7
4,0,27,7
4,0,28,7
4,0,29,7
4,0,30,7
4,0,31,7
4,0,32,7
4,0,33,7
4,0,34,7
4,0,35,7
4,0,36,7
4,0,37,7
4,0,38,7
4,0,39,7
4,0,40,7
4,0,41,7
4,0,42,0
4,1,0,5
4,1,1,3
4,1,2,33
4,1,3,33
4,1,4,3
4,1,5,5
4,1,6,5
4,1,7,17
4,1,8,5
4,1,9,5
4,1,10,17
4,1,11,5
4,1,12,5
4,1,13,17
4,1,14,34
4,1,15,34
4,1,16,34
4,1,17,35
4,1,18,34
4,1,19,34
4,1,20,34
4,1,21,34
4,1,22,34
4,1,23,34
4,1,24,34
4,1,25,34
4,1,26,34
4,1,27,34
4,1,28,34
4,1,29,34
4,1,30,34
4,1,31,34
4,1,32,34
4,1,33,34
4,1,34,34
4,1,35,34
4,1,36,34
4,1,37,34
4,1,38,17
4,1,39,3
4,1,40,3
4,1,41,3
4,1,42,4
4,2,0,5
4,2,1,3
4,2,2,33
4,2,3,33
4,2,4,3
4,2,5,3
4,2,6,5
4,2,7,17
4,2,8,5
4,2,9,5
4,2,10,17
4,2,11,5
4,2,12,5
4,2,13,17
4,2,14,34
4,2,15,34
4,2,16,34
4,2,17,36
4,2,18,34
4,2,19,34
4,2,20,34
4,2,21,34
4,2,22,34
4,2,23,34
4,2,24,34
4,2,25,34
4,2,26,34
4,2,27,34
4,2,28,34
4,2,29,34
4,2,30,34
4,2,31,34
4,2,32,34
4,2,33,34
4,2,34,34
4,2,35,34
4,2,36,34
4,2,37,34
4,2,38,17
4,2,39,3
4,2,40,3
4,2,41,3
4,2,42,4
4,3,0,3
4,3,1,3
4,3,2,33
4,3,3,33
4,3,4,3
4,3,5,3
4,3,6,3
4,3,7,3
4,3,8,3
4,3,9,3
4,3,10,3
4,3,11,3
4,3,12,3
4,3,13,17
4,3,14,34
4,3,15,34
4,3,16,34
4,3,17,34
4,3,18,34
4,3,19,34
4,3,20,34
4,3,21,34
4,3,22,34
4,3,23,34
4,3,24,34
4,3,25,34
4,3,26,34
4,3,27,34
4,3,28,34
4,3,29,34
4,3,30,34
4,3,31,34
4,3,32,34
4,3,33,34
4,3,34,34
4,3,35,34
4,3,36,34
4,3,37,34
4,3,38,17
4,3,39,14
4,3,40,3
4,3,41,3
4,3,42,37
4,4,0,3
4,4,1,3
4,4,2,33
4,4,3,33
4,4,4,3
4,4,5,3
4,4,6,3
4,4,7,3
4,4,8,3
4,4,9,3
4,4,10,3
4,4,11,3
4,4,12,3
4,4,13,17
4,4,14,34
4,4,15,34
4,4,16,34
4,4,17,34
4,4,18,34
4,4,19,34
4,4,20,34
4,4,21,34
4,4,22,34
4,4,23,34
4,4,24,34
4,4,25,34
4,4,26,34
4,4,27,34
4,4,28,34
4,4,29,34
4,4,30,34
4,4,31,34
4,4,32,34
4,4,33,34
4,4,34,34
4,4,35,34
4,4,36,34
4,4,37,34
4,4,38,17
4,4,39,17
4,4,40,3
4,4,41,3
4,4,42,3
4,5,0,3
4,5,1,3
4,5,2,3
4,5,3,3
4,5,4,3
4,5,5,3
4,5,6,3
4,5,7,3
4,5,8,3
4,5,9,3
4,5,10,3
4,5,11,3
4,5,12,7
4,5,13,17
4,5,14,34
4,5,15,34
4,5,16,34
4,5,17,34
4,5,18,34
4,5,19,34
4,5,20,34
4,5,21,34
4,5,22,34
4,5,23,34
4,5,24,34
4,5,25,34
4,5,26,34
4,5,27,34
4,5,28,34
4,5,29,34
4,5,30,34
4,5,31,34
4,5,32,34
4,5,33,34
4,5,34,34
4,5,35,34
4,5,36,34
4,5,37,34
4,5,38,38
4,5,39,17
4,5,40,3
4,5,41,3
4,5,42,3
4,6,0,3
4,6,1,3
4,6,2,3
4,6,3,3
4,6,4,3
4,6,5,3
4,6,6,3
4,6,7,3
4,6,8,3
4,6,9,3
4,6,10,3
4,6,11,5
4,6,12,3
4,6,13,17
4,6,14,39
4,6,15,34
4,6,16,26
4,6,17,26
4,6,18,34
4,6,19,34
4,6,20,34
4,6,21,26
4,6,22,26
4,6,23,34
4,6,24,34
4,6,25,34
4,6,26,26
4,6,27,26
4,6,28,34
4,6,29,34
4,6,30,34
4,6,31,26
4,6,32,26
4,6,33,34
4,6,34,34
4,6,35,39
4,6,36,34
4,6,37,34
4,6,38,40
4,6,39,17
4,6,40,3
4,6,41,3
4,6,42,3
4,7,0,3
4,7,1,3
4,7,2,3
4,7,3,3
4,7,4,3
4,7,5,3
4,7,6,3
4,7,7,3
4,7,8,3
4,7,9,3
4,7,10,3
4,7,11,3
4,7,12,3
4,7,13,17
4,7,14,41
4,7,15,34
4,7,16,42
4,7,17,42
4,7,18,34
4,7,19,34
4,7,20,34
4,7,21,42
4,7,22,42
4,7,23,34
4,7,24,34
4,7,25,34
4,7,26,42
4,7,27,42
4,7,28,34
4,7,29,34
4,7,30,34
4,7,31,42
4,7,32,42
4,7,33,34
4,7,34,34
4,7,35,36
4,7,36,34
4,7,37,34
4,7,38,17
4,7,39,17
4,8,13,17
4,8,14,34
4,8,15,34
4,8,16,34
4,8,17,34
4,8,18,34
4,8,19,34
4,8,20,34
4,8,21,34
4,8,22,34
4,8,23,34
4,8,24,34
4,8,25,34
4,8,26,34
4,8,27,34
4,8,28,34
4,8,29,34
4,8,30,34
4,8,31,34
4,8,32,34
4,8,33,34
4,8,34,34
4,8,35,34
4,8,36,34
4,8,37,34
4,8,38,17
4,8,39,18
4,9,13,43
4,9,14,43
4,9,15,43
4,9,16,43
4,9,17,43
4,9,18,43
4,9,19,43
4,9,20,43
4,9,21,43
4,9,22,43
4,9,23,43
4,9,24,43
4,9,25,43
4,9,26,43
4,9,27,43
4,9,28,43
4,9,29,43
4,9,30,43
4,9,31,43
4,9,32,43
4,9,33,43
4,9,34,43
4,9,35,43
4,9,36,43
4,9,37,43
4,9,38,43
4,10,13,43
4,10,14,44
4,10,15,44
4,10,16,44
4,10,17,44
4,10,18,44
4,10,19,44
4,10,20,44
4,10,21,44
4,10,22,44
4,10,23,44
4,10,24,44
4,10,25,44
4,10,26,44
4,10,27,44
4,10,28,44
4,10,29,44
4,10,30,44
4,10,31,44
4,10,32,44
4,10,33,44
4,10,34,44
4,10,35,44
4,10,36,44
4,10,37,44
4,10,38,43
4,11,12,32
4,11,13,32
4,11,14,32
4,11,15,32
4,11,16,32
4,11,17,32
4,11,18,32
4,11,19,32
4,11,20,32
4,11,21,32
4,11,22,32
4,11,23,32
4,11,24,32
4,11,25,32
4,11,26,32
4,11,27,32
4,11,28,32
4,11,29,32
4,11,30,32
4,11,31,32
4,11,32,32
4,11,33,32
4,11,34,32
4,11,35,32
4,11,36,32
4,11,37,32
4,11,38,32
4,11,39,32
5,0,0,0
5,0,1,7
5,0,2,7
5,0,3,7
5,0,4,7
5,0,5,7
5,0,6,7
5,0,7,7
5,0,8,7
5,0,9,7
5,0,10,7
5,0,11,7
5,0,12,7
5,0,13,7
5,0,14,7
5,0,15,7
5,0,16,7
5,0,17,7
5,0,18,7
5,0,19,7
5,0,20,7
5,0,21,7
5,0,22,7
5,0,23,7
5,0,24,7
5,0,25,7
5,0,26,7
5,0,27,7
5,0,28,7
5,0,29,7
5,0,30,7
5,0,31,7
5,0,32,7
5,0,33,7
5,0,34,7
5,0,35,7
5,0,36,7
5,0,37,7
5,0,38,7
5,0,39,7
5,0,40,7
5,0,41,7
5,0,42,0
5,1,0,4
5,1,1,3
5,1,2,33
5,1,3,33
5,1,4,3
5,1,5,3
5,1,6,3
5,1,7,3
5,1,8,3
5,1,9,3
5,1,10,3
5,1,11,22
5,1,12,28
5,1,13,34
5,1,14,34
5,1,15,0
5,1,16,45
5,1,17,3
5,1,18,3
5,1,19,3
5,1,20,3
5,1,21,3
5,1,22,3
5,1,23,3
5,1,24,3
5,1,25,3
5,1,26,3
5,1,27,3
5,1,28,3
5,1,29,3
5,1,30,3
5,1,31,3
5,1,32,3
5,1,33,3
5,1,34,3
5,1,35,46
5,1,36,19
5,1,37,29
5,1,38,34
5,1,39,3
5,1,40,3
5,1,41,3
5,1,42,5
5,2,0,4
5,2,1,3
5,2,2,33
5,2,3,33
5,2,4,3
5,2,5,3
5,2,6,3
5,2,7,3
5,2,8,3
5,2,9,3
5,2,10,3
5,2,11,3
5,2,12,31
5,2,13,34
5,2,14,34
5,2,15,0
5,2,16,45
5,2,17,3
5,2,18,3
5,2,19,3
5,2,20,3
5,2,21,3
5,2,22,47
5,2,23,3
5,2,24,3
5,2,25,3
5,2,26,3
5,2,27,3
5,2,28,3
5,2,29,3
5,2,30,47
5,2,31,3
5,2,32,3
5,2,33,3
5,2,34,3
5,2,35,46
5,2,36,22
5,2,37,23
5,2,38,34
5,2,39,3
5,2,40,3
5,2,41,3
5,2,42,5
5,3,0,25
5,3,1,3
5,3,2,33
5,3,3,33
5,3,4,3
5,3,5,3
5,3,6,3
5,3,7,3
5,3,8,3
5,3,9,3
5,3,10,3
5,3,11,3
5,3,12,3
5,3,13,34
5,3,14,34
5,3,15,0
5,3,16,45
5,3,17,3
5,3,18,3
5,3,19,3
5,3,20,3
5,3,21,0
5,3,22,48
5,3,23,0
5,3,24,3
5,3,25,3
5,3,26,49
5,3,27,3
5,3,28,3
5,3,29,0
5,3,30,48
5,3,31,0
5,3,32,14
5,3,33,3
5,3,34,3
5,3,35,46
5,3,36,22
5,3,37,28
5,3,38,34
5,3,39,3
5,3,40,3
5,3,41,3
5,3,42,3
5,4,0,3
5,4,1,3
5,4,2,33
5,4,3,33
5,4,4,3
5,4,5,3
5,4,6,3
5,4,7,3
5,4,8,3
5,4,9,3
5,4,10,3
5,4,11,3
5,4,12,3
5,4,13,34
5,4,14,34
5,4,15,0
5,4,16,45
5,4,17,14
5,4,18,0
5,4,19,12
5,4,20,43
5,4,21,21
5,4,22,21
5,4,23,21
5,4,24,43
5,4,25,14
5,4,26,0
5,4,27,12
5,4,28,43
5,4,29,33
5,4,30,33
5,4,31,33
5,4,32,43
5,4,33,3
5,4,34,50
5,4,35,50
5,4,36,50
5,4,37,50
5,4,38,34
5,4,39,17
5,4,40,3
5,4,41,3
5,4,42,3
5,5,0,3
5,5,1,3
5,5,2,3
5,5,3,3
5,5,4,3
5,5,5,3
5,5,6,3
5,5,7,3
5,5,8,3
5,5,9,3
5,5,10,3
5,5,11,3
5,5,12,7
5,5,13,34
5,5,14,0
5,5,15,0
5,5,16,45
5,5,17,3
5,5,18,3
5,5,19,3
5,5,20,21
5,5,21,51
5,5,22,51
5,5,23,51
5,5,24,21
5,5,25,3
5,5,26,52
5,5,27,3
5,5,28,33
5,5,29,53
5,5,30,53
5,5,31,53
5,5,32,33
5,5,33,7
5,5,34,7
5,5,35,7
5,5,36,7
5,5,37,7
5,5,38,34
5,5,39,54
5,5,40,3
5,5,41,3
5,5,42,3
5,6,0,3
5,6,1,3
5,6,2,3
5,6,3,3
5,6,4,3
5,6,5,3
5,6,6,3
5,6,7,3
5,6,8,3
5,6,9,3
5,6,10,3
5,6,11,5
5,6,12,3
5,6,13,34
5,6,14,3
5,6,15,3
5,6,16,3
5,6,17,3
5,6,18,3
5,6,19,3
5,6,20,21
5,6,21,21
5,6,22,21
5,6,23,51
5,6,24,21
5,6,25,3
5,6,26,3
5,6,27,3
5,6,28,33
5,6,29,3
5,6,30,33
5,6,31,33
5,6,32,33
5,6,33,3
5,6,34,3
5,6,35,3
5,6,36,3
5,6,37,3
5,6,38,34
5,6,39,34
5,6,40,3
5,6,41,3
5,6,42,3
5,7,0,3
5,7,1,3
5,7,2,3
5,7,3,3
5,7,4,3
5,7,5,3
5,7,6,3
5,7,7,3
5,7,8,3
5,7,9,3
5,7,10,3
5,7,11,3
5,7,12,3
5,7,13,34
5,7,14,3
5,7,15,3
5,7,16,3
5,7,17,3
5,7,18,3
5,7,19,3
5,7,20,43
5,7,21,21
5,7,22,21
5,7,23,55
5,7,24,43
5,7,25,3
5,7,26,3
5,7,27,3
5,7,28,43
5,7,29,56
5,7,30,33
5,7,31,33
5,7,32,43
5,7,33,3
5,7,34,3
5,7,35,3
5,7,36,3
5,7,37,3
5,7,38,34
5,7,39,34
5,8,13,34
5,8,14,3
5,8,15,3
5,8,16,3
5,8,17,3
5,8,18,3
5,8,19,3
5,8,20,3
5,8,21,3
5,8,22,3
5,8,23,3
5,8,24,57
5,8,25,3
5,8,26,3
5,8,27,3
5,8,28,57
5,8,29,3
5,8,30,3
5,8,31,3
5,8,32,3
5,8,33,3
5,8,34,3
5,8,35,58
5,8,36,3
5,8,37,3
5,8,38,34
5,8,39,59
5,9,13,43
5,9,14,3
5,9,15,13
5,9,16,3
5,9,17,3
5,9,18,3
5,9,19,3
5,9,20,13
5,9,21,3
5,9,22,3
5,9,23,3
5,9,24,3
5,9,25,13
5,9,26,3
5,9,27,3
5,9,28,3
5,9,29,3
5,9,30,13
5,9,31,3
5,9,32,3
5,9,33,3
5,9,34,3
5,9,35,16
5,9,36,60
5,9,37,60
5,9,38,43
5,10,13,16
5,10,15,31
5,10,20,31
5,10,25,31
5,10,30,31
5,10,38,18
5,11,13,16
5,11,14,44
5,11,15,44
5,11,16,44
5,11,17,44
5,11,18,44
5,11,19,44
5,11,20,44
5,11,21,44
5,11,22,44
5,11,23,44
5,11,24,44
5,11,25,44
5,11,26,44
5,11,27,44
5,11,28,44
5,11,29,44
5,11,30,44
5,11,31,44
5,11,32,44
5,11,33,44
5,11,34,44
5,11,35,44
5,11,36,44
5,11,37,44
5,11,38,18
5,12,12,26
5,12,13,26
5,12,14,26
5,12,15,26
5,12,16,26
5,12,17,26
5,12,18,26
5,12,19,26
5,12,20,26
5,12,21,26
5,12,22,26
5,12,23,26
5,12,24,26
5,12,25,26
5,12,26,26
5,12,27,26
5,12,28,26
5,12,29,26
5,12,30,26
5,12,31,26
5,12,32,26
5,12,33,26
5,12,34,26
5,12,35,26
5,12,36,26
5,12,37,26
5,12,38,26
5,12,39,26
6,0,0,0
6,0,1,7
6,0,2,7
6,0,3,7
6,0,4,7
6,0,5,7
6,0,6,7
6,0,7,7
6,0,8,7
6,0,9,7
6,0,10,7
6,0,11,7
6,0,12,7
6,0,13,7
6,0,14,7
6,0,15,7
6,0,16,7
6,0,17,7
6,0,18,7
6,0,19,7
6,0,20,7
6,0,21,7
6,0,22,7
6,0,23,7
6,0,24,7
6,0,25,7
6,0,26,7
6,0,27,7
6,0,28,7
6,0,29,7
6,0,30,7
6,0,31,7
6,0,32,7
6,0,33,7
6,0,34,7
6,0,35,7
6,0,36,7
6,0,37,7
6,0,38,7
6,0,39,7
6,0,40,7
6,0,41,7
6,0,42,0
6,1,0,5
6,1,1,3
6,1,2,3
6,1,3,61
6,1,4,61
6,1,5,61
6,1,6,3
6,1,7,3
6,1,8,62
6,1,9,62
6,1,10,62
6,1,11,62
6,1,12,62
6,1,13,34
6,1,14,63
6,1,15,0
6,1,16,0
6,1,17,0
6,1,18,64
6,1,19,0
6,1,20,0
6,1,21,0
6,1,22,0
6,1,23,0
6,1,24,0
6,1,25,18
6,1,26,3
6,1,27,16
6,1,28,0
6,1,29,0
6,1,30,0
6,1,31,0
6,1,32,0
6,1,33,12
6,1,34,14
6,1,35,50
6,1,36,28
6,1,37,29
6,1,38,34
6,1,39,3
6,1,40,3
6,1,41,3
6,1,42,5
6,2,0,5
6,2,1,3
6,2,2,3
6,2,3,61
6,2,4,61
6,2,5,3
6,2,6,3
6,2,7,3
6,2,8,3
6,2,9,62
6,2,10,62
6,2,11,62
6,2,12,3
6,2,13,34
6,2,14,65
6,2,15,66
6,2,16,67
6,2,17,67
6,2,18,3
6,2,19,67
6,2,20,67
6,2,21,67
6,2,22,67
6,2,23,67
6,2,24,67
6,2,25,3
6,2,26,68
6,2,27,3
6,2,28,67
6,2,29,67
6,2,30,67
6,2,31,67
6,2,32,67
6,2,33,3
6,2,34,3
6,2,35,3
6,2,36,30
6,2,37,30
6,2,38,34
6,2,39,3
6,2,40,3
6,2,41,3
6,2,42,5
6,3,0,3
6,3,1,3
6,3,2,3
6,3,3,3
6,3,4,3
6,3,5,3
6,3,6,3
6,3,7,3
6,3,8,3
6,3,9,3
6,3,10,3
6,3,11,3
6,3,12,3
6,3,13,34
6,3,14,34
6,3,15,0
6,3,16,0
6,3,17,0
6,3,18,0
6,3,19,0
6,3,20,0
6,3,21,0
6,3,22,56
6,3,23,0
6,3,24,0
6,3,25,69
6,3,26,70
6,3,27,71
6,3,28,0
6,3,29,0
6,3,30,56
6,3,31,0
6,3,32,14
6,3,33,3
6,3,34,3
6,3,35,3
6,3,36,3
6,3,37,3
6,3,38,34
6,3,39,3
6,3,40,3
6,3,41,3
6,3,42,3
6,4,0,3
6,4,1,3
6,4,2,3
6,4,3,3
6,4,4,3
6,4,5,3
6,4,6,11
6,4,7,3
6,4,8,3
6,4,9,3
6,4,10,3
6,4,11,3
6,4,12,3
6,4,13,34
6,4,14,72
6,4,15,0
6,4,16,0
6,4,17,0
6,4,18,0
6,4,19,0
6,4,20,43
6,4,21,21
6,4,22,51
6,4,23,21
6,4,24,43
6,4,25,5
6,4,26,73
6,4,27,5
6,4,28,43
6,4,29,33
6,4,30,53
6,4,31,33
6,4,32,43
6,4,33,3
6,4,34,50
6,4,35,50
6,4,36,50
6,4,37,50
6,4,38,34
6,4,39,17
6,4,40,3
6,4,41,3
6,4,42,3
6,5,0,3
6,5,1,3
6,5,2,3
6,5,3,3
6,5,4,3
6,5,5,26
6,5,6,74
6,5,7,3
6,5,8,3
6,5,9,3
6,5,10,3
6,5,11,3
6,5,12,7
6,5,13,34
6,5,14,3
6,5,15,3
6,5,16,3
6,5,17,3
6,5,18,3
6,5,19,3
6,5,20,21
6,5,21,51
6,5,22,51
6,5,23,51
6,5,24,21
6,5,25,75
6,5,26,70
6,5,27,76
6,5,28,33
6,5,29,53
6,5,30,53
6,5,31,53
6,5,32,33
6,5,33,3
6,5,34,3
6,5,35,3
6,5,36,3
6,5,37,3
6,5,38,34
6,5,39,65
6,5,40,3
6,5,41,3
6,5,42,3
6,6,0,3
6,6,1,3
6,6,2,3
6,6,3,3
6,6,4,3
6,6,5,3
6,6,6,3
6,6,7,26
6,6,8,74
6,6,9,3
6,6,10,3
6,6,11,5
6,6,12,3
6,6,13,34
6,6,14,5
6,6,15,5
6,6,16,5
6,6,17,5
6,6,18,5
6,6,19,5
6,6,20,21
6,6,21,3
6,6,22,77
6,6,23,51
6,6,24,21
6,6,25,78
6,6,26,78
6,6,27,78
6,6,28,33
6,6,29,3
6,6,30,3
6,6,31,3
6,6,32,33
6,6,33,5
6,6,34,5
6,6,35,34
6,6,36,3
6,6,37,3
6,6,38,34
6,6,39,34
6,6,40,3
6,6,41,3
6,6,42,3
6,7,0,3
6,7,1,3
6,7,2,3
6,7,3,3
6,7,4,3
6,7,5,3
6,7,6,3
6,7,7,3
6,7,8,3
6,7,9,26
6,7,10,74
6,7,11,42
6,7,12,42
6,7,13,34
6,7,14,3
6,7,15,3
6,7,16,3
6,7,17,3
6,7,18,3
6,7,19,3
6,7,20,43
6,7,21,21
6,7,22,21
6,7,23,21
6,7,24,43
6,7,25,3
6,7,26,3
6,7,27,3
6,7,28,43
6,7,29,33
6,7,30,33
6,7,31,33
6,7,32,43
6,7,33,3
6,7,34,3
6,7,35,34
6,7,36,3
6,7,37,3
6,7,38,34
6,7,39,34
6,8,13,34
6,8,14,3
6,8,15,13
6,8,16,3
6,8,17,3
6,8,18,3
6,8,19,3
6,8,20,13
6,8,21,3
6,8,22,3
6,8,23,3
6,8,24,3
6,8,25,13
6,8,26,3
6,8,27,3
6,8,28,3
6,8,29,3
6,8,30,13
6,8,31,3
6,8,32,3
6,8,33,3
6,8,34,3
6,8,35,34
6,8,36,3
6,8,37,3
6,8,38,34
6,8,39,63
6,9,13,43
6,9,14,3
6,9,15,0
6,9,16,3
6,9,17,3
6,9,18,3
6,9,19,3
6,9,20,0
6,9,21,3
6,9,22,3
6,9,23,3
6,9,24,3
6,9,25,0
6,9,26,3
6,9,27,3
6,9,28,3
6,9,29,3
6,9,30,0
6,9,31,3
6,9,32,3
6,9,33,3
6,9,34,3
6,9,35,16
6,9,36,79
6,9,37,79
6,9,38,43
6,10,13,16
6,10,14,3
6,10,15,3
6,10,16,3
6,10,17,3
6,10,18,3
6,10,19,3
6,10,20,3
6,10,21,3
6,10,22,3
6,10,23,3
6,10,24,3
6,10,25,3
6,10,26,3
6,10,27,3
6,10,28,3
6,10,29,3
6,10,30,3
6,10,31,3
6,10,32,3
6,10,33,3
6,10,34,3
6,10,35,3
6,10,36,3
6,10,37,3
6,10,38,18
6,11,13,16
6,11,14,3
6,11,15,3
6,11,16,3
6,11,17,3
6,11,18,3
6,11,19,3
6,11,20,3
6,11,21,3
6,11,22,3
6,11,23,3
6,11,24,3
6,11,25,3
6,11,26,3
6,11,27,3
6,11,28,3
6,11,29,3
6,11,30,3
6,11,31,3
6,11,32,3
6,11,33,3
6,11,34,3
6,11,35,3
6,11,36,3
6,11,37,3
6,11,38,18
6,12,12,80
6,12,13,80
6,12,14,42
6,12,15,42
6,12,16,42
6,12,17,42
6,12,18,42
6,12,19,42
6,12,20,42
6,12,21,42
6,12,22,42
6,12,23,42
6,12,24,42
6,12,25,42
6,12,26,42
6,12,27,42
6,12,28,42
6,12,29,42
6,12,30,42
6,12,31,42
6,12,32,42
6,12,33,42
6,12,34,42
6,12,35,42
6,12,36,42
6,12,37,42
6,12,38,80
6,12,39,80
7,0,0,0
7,0,1,7
7,0,2,7
7,0,3,7
7,0,4,7
7,0,5,7
7,0,6,7
7,0,7,7
7,0,8,7
7,0,9,7
7,0,10,7
7,0,11,7
7,0,12,7
7,0,13,7
7,0,14,7
7,0,15,7
7,0,16,7
7,0,17,7
7,0,18,7
7,0,19,7
7,0,20,7
7,0,21,7
7,0,22,7
7,0,23,7
7,0,24,7
7,0,25,7
7,0,26,7
7,0,27,7
7,0,28,7
7,0,29,7
7,0,30,7
7,0,31,7
7,0,32,7
7,0,33,7
7,0,34,7
7,0,35,7
7,0,36,7
7,0,37,7
7,0,38,7
7,0,39,7
7,0,40,7
7,0,41,7
7,0,42,0
7,1,0,5
7,1,1,3
7,1,2,5
7,1,3,81
7,1,4,81
7,1,5,81
7,1,6,17
7,1,7,34
7,1,8,34
7,1,9,34
7,1,10,34
7,1,11,34
7,1,12,34
7,1,13,34
7,1,14,63
7,1,15,0
7,1,16,34
7,1,17,79
7,1,18,82
7,1,19,79
7,1,20,34
7,1,21,79
7,1,22,82
7,1,23,79
7,1,24,34
7,1,25,79
7,1,26,82
7,1,27,79
7,1,28,34
7,1,29,79
7,1,30,82
7,1,31,79
7,1,32,34
7,1,33,50
7,1,34,50
7,1,35,50
7,1,36,3
7,1,37,46
7,1,38,34
7,1,39,3
7,1,40,3
7,1,41,3
7,1,42,4
7,2,0,5
7,2,1,3
7,2,2,5
7,2,3,81
7,2,4,81
7,2,5,81
7,2,6,17
7,2,7,34
7,2,8,34
7,2,9,34
7,2,10,34
7,2,11,34
7,2,12,34
7,2,13,34
7,2,14,65
7,2,15,83
7,2,16,60
7,2,17,5
7,2,18,3
7,2,19,5
7,2,20,34
7,2,21,5
7,2,22,3
7,2,23,5
7,2,24,34
7,2,25,5
7,2,26,3
7,2,27,5
7,2,28,34
7,2,29,5
7,2,30,3
7,2,31,5
7,2,32,34
7,2,33,3
7,2,34,3
7,2,35,3
7,2,36,3
7,2,37,46
7,2,38,34
7,2,39,3
7,2,40,3
7,2,41,3
7,2,42,4
7,3,0,3
7,3,1,3
7,3,2,84
7,3,3,81
7,3,4,81
7,3,5,3
7,3,6,17
7,3,7,34
7,3,8,34
7,3,9,34
7,3,10,34
7,3,11,34
7,3,12,34
7,3,13,34
7,3,14,60
7,3,15,0
7,3,16,60
7,3,17,85
7,3,18,85
7,3,19,85
7,3,20,60
7,3,21,85
7,3,22,3
7,3,23,85
7,3,24,60
7,3,25,85
7,3,26,86
7,3,27,85
7,3,28,60
7,3,29,85
7,3,30,3
7,3,31,85
7,3,32,3
7,3,33,3
7,3,34,3
7,3,35,3
7,3,36,3
7,3,37,46
7,3,38,34
7,3,39,14
7,3,40,3
7,3,41,3
7,3,42,37
7,4,0,3
7,4,1,3
7,4,2,5
7,4,3,81
7,4,4,3
7,4,5,3
7,4,6,17
7,4,7,34
7,4,8,34
7,4,9,34
7,4,10,34
7,4,11,34
7,4,12,34
7,4,13,34
7,4,14,85
7,4,15,87
7,4,16,60
7,4,17,3
7,4,18,3
7,4,19,3
7,4,20,3
7,4,21,21
7,4,22,21
7,4,23,21
7,4,24,3
7,4,25,3
7,4,26,3
7,4,27,3
7,4,28,3
7,4,29,33
7,4,30,33
7,4,31,33
7,4,32,3
7,4,33,3
7,4,34,3
7,4,35,50
7,4,36,50
7,4,37,50
7,4,38,34
7,4,39,17
7,4,40,3
7,4,41,3
7,4,42,3
7,5,0,3
7,5,1,3
7,5,2,5
7,5,3,81
7,5,4,3
7,5,5,26
7,5,6,74
7,5,7,34
7,5,8,34
7,5,9,34
7,5,10,88
7,5,11,88
7,5,12,34
7,5,13,34
7,5,14,3
7,5,15,3
7,5,16,85
7,5,17,85
7,5,18,85
7,5,19,85
7,5,20,43
7,5,21,21
7,5,22,21
7,5,23,21
7,5,24,43
7,5,25,85
7,5,26,85
7,5,27,85
7,5,28,43
7,5,29,33
7,5,30,33
7,5,31,33
7,5,32,43
7,5,33,3
7,5,34,3
7,5,35,3
7,5,36,79
7,5,37,54
7,5,38,34
7,5,39,17
7,5,40,3
7,5,41,3
7,5,42,3
7,6,0,3
7,6,1,3
7,6,2,3
7,6,3,89
7,6,4,3
7,6,5,3
7,6,6,3
7,6,7,26
7,6,8,74
7,6,9,34
7,6,10,34
7,6,11,34
7,6,12,34
7,6,13,34
7,6,14,3
7,6,15,3
7,6,16,3
7,6,17,3
7,6,18,3
7,6,19,3
7,6,20,43
7,6,21,21
7,6,22,21
7,6,23,21
7,6,24,43
7,6,25,90
7,6,26,3
7,6,27,91
7,6,28,43
7,6,29,33
7,6,30,33
7,6,31,33
7,6,32,43
7,6,33,3
7,6,34,3
7,6,35,18
7,6,36,3
7,6,37,3
7,6,38,3
7,6,39,17
7,6,40,3
7,6,41,3
7,6,42,3
7,7,0,3
7,7,1,3
7,7,2,3
7,7,3,3
7,7,4,3
7,7,5,3
7,7,6,3
7,7,7,3
7,7,8,3
7,7,9,26
7,7,10,74
7,7,11,80
7,7,12,80
7,7,13,34
7,7,14,3
7,7,15,3
7,7,16,3
7,7,17,3
7,7,18,3
7,7,19,3
7,7,20,3
7,7,21,3
7,7,22,3
7,7,23,3
7,7,24,3
7,7,25,3
7,7,26,80
7,7,27,3
7,7,28,3
7,7,29,3
7,7,30,3
7,7,31,3
7,7,32,3
7,7,33,3
7,7,34,3
7,7,35,88
7,7,36,3
7,7,37,3
7,7,38,3
7,7,39,17
7,8,13,34
7,8,14,92
7,8,15,0
7,8,16,3
7,8,17,3
7,8,18,3
7,8,19,92
7,8,20,0
7,8,21,93
7,8,22,3
7,8,23,3
7,8,24,92
7,8,25,0
7,8,26,93
7,8,27,3
7,8,28,3
7,8,29,92
7,8,30,0
7,8,31,93
7,8,32,3
7,8,33,3
7,8,34,3
7,8,35,88
7,8,36,3
7,8,37,3
7,8,38,3
7,8,39,18
7,9,13,43
7,9,14,3
7,9,15,0
7,9,16,3
7,9,17,3
7,9,18,3
7,9,19,3
7,9,20,0
7,9,21,3
7,9,22,3
7,9,23,3
7,9,24,3
7,9,25,0
7,9,26,3
7,9,27,3
7,9,28,3
7,9,29,3
7,9,30,0
7,9,31,3
7,9,32,3
7,9,33,3
7,9,34,3
7,9,35,16
7,9,36,79
7,9,37,79
7,9,38,43
7,10,13,16
7,10,14,3
7,10,15,3
7,10,16,3
7,10,17,3
7,10,18,3
7,10,19,3
7,10,20,3
7,10,21,3
7,10,22,3
7,10,23,3
7,10,24,3
7,10,25,3
7,10,26,3
7,10,27,3
7,10,28,3
7,10,29,3
7,10,30,3
7,10,31,3
7,10,32,3
7,10,33,3
7,10,34,3
7,10,35,3
7,10,36,3
7,10,37,3
7,10,38,18
7,11,13,16
7,11,14,3
7,11,15,3
7,11,16,3
7,11,17,3
7,11,18,3
7,11,19,3
7,11,20,3
7,11,21,3
7,11,22,3
7,11,23,3
7,11,24,3
7,11,25,3
7,11,26,3
7,11,27,3
7,11,28,3
7,11,29,3
7,11,30,3
7,11,31,3
7,11,32,3
7,11,33,3
7,11,34,3
7,11,35,3
7,11,36,3
7,11,37,3
7,11,38,18
7,12,12,80
7,12,13,80
7,12,14,42
7,12,15,42
7,12,16,42
7,12,17,42
7,12,18,42
7,12,19,42
7,12,20,42
7,12,21,42
7,12,22,42
7,12,23,42
7,12,24,42
7,12,25,42
7,12,26,42
7,12,27,42
7,12,28,42
7,12,29,42
7,12,30,42
7,12,31,42
7,12,32,42
7,12,33,42
7,12,34,42
7,12,35,42
7,12,36,42
7,12,37,42
7,12,38,80
7,12,39,80
8,0,0,0
8,0,1,7
8,0,2,7
8,0,3,7
8,0,4,7
8,0,5,81
8,0,6,7
8,0,7,7
8,0,8,7
8,0,9,7
8,0,10,7
8,0,11,7
8,0,12,7
8,0,13,7
8,0,14,7
8,0,15,7
8,0,16,7
8,0,17,7
8,0,18,7
8,0,19,7
8,0,20,7
8,0,21,7
8,0,22,7
8,0,23,7
8,0,24,7
8,0,25,7
8,0,26,7
8,0,27,7
8,0,28,7
8,0,29,7
8,0,30,7
8,0,31,7
8,0,32,7
8,0,33,7
8,0,34,7
8,0,35,7
8,0,36,7
8,0,37,7
8,0,38,7
8,0,39,7
8,0,40,7
8,0,41,7
8,0,42,0
8,1,0,4
8,1,1,3
8,1,2,84
8,1,3,81
8,1,4,81
8,1,5,94
8,1,6,81
8,1,7,81
8,1,8,81
8,1,9,81
8,1,10,81
8,1,11,81
8,1,12,0
8,1,13,0
8,1,14,0
8,1,15,0
8,1,16,17
8,1,17,63
8,1,18,50
8,1,19,87
8,1,20,17
8,1,21,63
8,1,22,50
8,1,23,87
8,1,24,17
8,1,25,63
8,1,26,50
8,1,27,87
8,1,28,17
8,1,29,63
8,1,30,50
8,1,31,87
8,1,32,17
8,1,33,50
8,1,34,50
8,1,35,85
8,1,36,87
8,1,37,34
8,1,38,34
8,1,39,3
8,1,40,3
8,1,41,3
8,1,42,3
8,2,0,4
8,2,1,3
8,2,2,81
8,2,3,53
8,2,4,53
8,2,5,95
8,2,6,67
8,2,7,67
8,2,8,67
8,2,9,67
8,2,10,67
8,2,11,67
8,2,12,67
8,2,13,67
8,2,14,67
8,2,15,96
8,2,16,17
8,2,17,3
8,2,18,3
8,2,19,3
8,2,20,17
8,2,21,3
8,2,22,3
8,2,23,3
8,2,24,17
8,2,25,3
8,2,26,3
8,2,27,3
8,2,28,17
8,2,29,3
8,2,30,3
8,2,31,3
8,2,32,17
8,2,33,3
8,2,34,3
8,2,35,3
8,2,36,3
8,2,37,34
8,2,38,34
8,2,39,3
8,2,40,3
8,2,41,3
8,2,42,3
8,3,0,25
8,3,1,3
8,3,2,81
8,3,3,53
8,3,4,81
8,3,5,81
8,3,6,3
8,3,7,12
8,3,8,0
8,3,9,0
8,3,10,0
8,3,11,0
8,3,12,0
8,3,13,0
8,3,14,0
8,3,15,0
8,3,16,17
8,3,17,79
8,3,18,79
8,3,19,79
8,3,20,17
8,3,21,79
8,3,22,79
8,3,23,79
8,3,24,17
8,3,25,79
8,3,26,79
8,3,27,79
8,3,28,17
8,3,29,79
8,3,30,79
8,3,31,79
8,3,32,17
8,3,33,3
8,3,34,3
8,3,35,3
8,3,36,3
8,3,37,34
8,3,38,34
8,3,39,3
8,3,40,3
8,3,41,3
8,3,42,3
8,4,0,3
8,4,1,3
8,4,2,81
8,4,3,53
8,4,4,81
8,4,5,81
8,4,6,3
8,4,7,67
8,4,8,67
8,4,9,67
8,4,10,66
8,4,11,67
8,4,12,67
8,4,13,67
8,4,14,67
8,4,15,97
8,4,16,0
8,4,17,0
8,4,18,0
8,4,19,0
8,4,20,0
8,4,21,0
8,4,22,0
8,4,23,0
8,4,24,0
8,4,25,0
8,4,26,0
8,4,27,0
8,4,28,0
8,4,29,0
8,4,30,0
8,4,31,0
8,4,32,0
8,4,33,3
8,4,34,3
8,4,35,3
8,4,36,50
8,4,37,34
8,4,38,34
8,4,39,17
8,4,40,3
8,4,41,3
8,4,42,3
8,5,0,3
8,5,1,3
8,5,2,81
8,5,3,53
8,5,4,81
8,5,5,26
8,5,6,74
8,5,7,98
8,5,8,3
8,5,9,3
8,5,10,3
8,5,11,5
8,5,12,3
8,5,13,34
8,5,14,3
8,5,15,3
8,5,16,67
8,5,17,67
8,5,18,67
8,5,19,67
8,5,20,67
8,5,21,67
8,5,22,67
8,5,23,67
8,5,24,67
8,5,25,67
8,5,26,67
8,5,27,67
8,5,28,67
8,5,29,67
8,5,30,67
8,5,31,67
8,5,32,85
8,5,33,3
8,5,34,3
8,5,35,3
8,5,36,60
8,5,37,34
8,5,38,34
8,5,39,65
8,5,40,3
8,5,41,3
8,5,42,3
8,6,0,3
8,6,1,3
8,6,2,89
8,6,3,3
8,6,4,89
8,6,5,3
8,6,6,3
8,6,7,26
8,6,8,74
8,6,9,98
8,6,10,3
8,6,11,5
8,6,12,82
8,6,13,34
8,6,14,3
8,6,15,3
8,6,16,3
8,6,17,3
8,6,18,3
8,6,19,3
8,6,20,3
8,6,21,3
8,6,22,3
8,6,23,3
8,6,24,3
8,6,25,3
8,6,26,3
8,6,27,3
8,6,28,3
8,6,29,3
8,6,30,3
8,6,31,3
8,6,32,3
8,6,33,3
8,6,34,3
8,6,35,18
8,6,36,3
8,6,37,3
8,6,38,99
8,6,39,34
8,6,40,3
8,6,41,3
8,6,42,3
8,7,0,3
8,7,1,3
8,7,2,3
8,7,3,3
8,7,4,3
8,7,5,3
8,7,6,3
8,7,7,3
8,7,8,3
8,7,9,26
8,7,10,74
8,7,11,42
8,7,12,42
8,7,13,34
8,7,14,3
8,7,15,3
8,7,16,3
8,7,17,3
8,7,18,3
8,7,19,3
8,7,20,3
8,7,21,3
8,7,22,3
8,7,23,3
8,7,24,3
8,7,25,3
8,7,26,3
8,7,27,3
8,7,28,3
8,7,29,3
8,7,30,3
8,7,31,3
8,7,32,3
8,7,33,3
8,7,34,3
8,7,35,88
8,7,36,3
8,7,37,3
8,7,38,3
8,7,39,34
8,8,13,34
8,8,14,3
8,8,15,0
8,8,16,93
8,8,17,3
8,8,18,3
8,8,19,3
8,8,20,0
8,8,21,3
8,8,22,3
8,8,23,3
8,8,24,3
8,8,25,0
8,8,26,3
8,8,27,3
8,8,28,3
8,8,29,3
8,8,30,0
8,8,31,3
8,8,32,3
8,8,33,3
8,8,34,3
8,8,35,88
8,8,36,3
8,8,37,3
8,8,38,3
8,8,39,63
8,9,13,43
8,9,14,3
8,9,15,0
8,9,16,3
8,9,17,3
8,9,18,3
8,9,19,3
8,9,20,0
8,9,21,3
8,9,22,3
8,9,23,3
8,9,24,3
8,9,25,0
8,9,26,3
8,9,27,3
8,9,28,3
8,9,29,3
8,9,30,0
8,9,31,3
8,9,32,3
8,9,33,3
8,9,34,3
8,9,35,16
8,9,36,79
8,9,37,79
8,9,38,43
8,10,13,16
8,10,14,3
8,10,15,3
8,10,16,3
8,10,17,3
8,10,18,3
8,10,19,3
8,10,20,3
8,10,21,3
8,10,22,3
8,10,23,3
8,10,24,3
8,10,25,3
8,10,26,3
8,10,27,3
8,10,28,3
8,10,29,3
8,10,30,3
8,10,31,3
8,10,32,3
8,10,33,3
8,10,34,3
8,10,35,3
8,10,36,3
8,10,37,3
8,10,38,18
8,11,13,16
8,11,14,3
8,11,15,3
8,11,16,3
8,11,17,3
8,11,18,3
8,11,19,3
8,11,20,3
8,11,21,3
8,11,22,3
8,11,23,3
8,11,24,3
8,11,25,3
8,11,26,3
8,11,27,3
8,11,28,3
8,11,29,3
8,11,30,3
8,11,31,3
8,11,32,3
8,11,33,3
8,11,34,3
8,11,35,3
8,11,36,3
8,11,37,3
8,11,38,18
8,12,12,80
8,12,13,80
8,12,14,42
8,12,15,42
8,12,16,42
8,12,17,42
8,12,18,42
8,12,19,42
8,12,20,42
8,12,21,42
8,12,22,42
8,12,23,42
8,12,24,42
8,12,25,42
8,12,26,42
8,12,27,42
8,12,28,42
8,12,29,42
8,12,30,42
8,12,31,42
8,12,32,42
8,12,33,42
8,12,34,42
8,12,35,42
8,12,36,42
8,12,37,42
8,12,38,80
8,12,39,80
9,0,0,0
9,0,1,7
9,0,2,7
9,0,3,7
9,0,4,81
9,0,5,81
9,0,6,7
9,0,7,7
9,0,8,7
9,0,9,7
9,0,10,7
9,0,11,7
9,0,12,7
9,0,13,7
9,0,14,7
9,0,15,7
9,0,16,7
9,0,17,7
9,0,18,7
9,0,19,7
9,0,20,7
9,0,21,7
9,0,22,7
9,0,23,7
9,0,24,7
9,0,25,7
9,0,26,7
9,0,27,7
9,0,28,7
9,0,29,7
9,0,30,7
9,0,31,7
9,0,32,7
9,0,33,7
9,0,34,7
9,0,35,7
9,0,36,7
9,0,37,7
9,0,38,7
9,0,39,7
9,0,40,7
9,0,41,7
9,0,42,0
9,1,0,4
9,1,1,3
9,1,2,84
9,1,3,81
9,1,4,81
9,1,5,95
9,1,6,72
9,1,7,81
9,1,8,65
9,1,9,81
9,1,10,81
9,1,11,58
9,1,12,82
9,1,13,82
9,1,14,82
9,1,15,82
9,1,16,63
9,1,17,50
9,1,18,50
9,1,19,50
9,1,20,3
9,1,21,50
9,1,22,50
9,1,23,50
9,1,24,3
9,1,25,50
9,1,26,50
9,1,27,50
9,1,28,3
9,1,29,50
9,1,30,50
9,1,31,50
9,1,32,3
9,1,33,50
9,1,34,3
9,1,35,3
9,1,36,3
9,1,37,72
9,1,38,34
9,1,39,3
9,1,40,3
9,1,41,3
9,1,42,3
9,2,0,4
9,2,1,3
9,2,2,5
9,2,3,81
9,2,4,81
9,2,5,3
9,2,6,3
9,2,7,83
9,2,8,5
9,2,9,5
9,2,10,13
9,2,11,5
9,2,12,5
9,2,13,5
9,2,14,5
9,2,15,5
9,2,16,65
9,2,17,3
9,2,18,3
9,2,19,3
9,2,20,3
9,2,21,3
9,2,22,3
9,2,23,3
9,2,24,3
9,2,25,3
9,2,26,3
9,2,27,3
9,2,28,3
9,2,29,3
9,2,30,3
9,2,31,3
9,2,32,3
9,2,33,3
9,2,34,3
9,2,35,3
9,2,36,3
9,2,37,3
9,2,38,34
9,2,39,3
9,2,40,3
9,2,41,3
9,2,42,3
9,3,0,25
9,3,1,3
9,3,2,5
9,3,3,81
9,3,4,81
9,3,5,81
9,3,6,65
9,3,7,3
9,3,8,5
9,3,9,5
9,3,10,100
9,3,11,5
9,3,12,60
9,3,13,60
9,3,14,60
9,3,15,60
9,3,16,60
9,3,17,3
9,3,18,3
9,3,19,3
9,3,20,3
9,3,21,3
9,3,22,3
9,3,23,3
9,3,24,3
9,3,25,3
9,3,26,3
9,3,27,3
9,3,28,3
9,3,29,3
9,3,30,3
9,3,31,3
9,3,32,3
9,3,33,3
9,3,34,3
9,3,35,3
9,3,36,3
9,3,37,3
9,3,38,34
9,3,39,3
9,3,40,3
9,3,41,3
9,3,42,3
9,4,0,3
9,4,1,3
9,4,2,84
9,4,3,81
9,4,4,81
9,4,5,3
9,4,6,34
9,4,7,5
9,4,8,5
9,4,9,5
9,4,10,3
9,4,11,5
9,4,12,85
9,4,13,34
9,4,14,85
9,4,15,87
9,4,16,60
9,4,17,3
9,4,18,3
9,4,19,3
9,4,20,101
9,4,21,3
9,4,22,3
9,4,23,3
9,4,24,101
9,4,25,3
9,4,26,0
9,4,27,3
9,4,28,101
9,4,29,3
9,4,30,3
9,4,31,3
9,4,32,101
9,4,33,3
9,4,34,3
9,4,35,3
9,4,36,3
9,4,37,3
9,4,38,34
9,4,39,17
9,4,40,3
9,4,41,3
9,4,42,3
9,5,0,3
9,5,1,3
9,5,2,5
9,5,3,81
9,5,4,3
9,5,5,26
9,5,6,74
9,5,7,98
9,5,8,3
9,5,9,3
9,5,10,3
9,5,11,5
9,5,12,3
9,5,13,34
9,5,14,3
9,5,15,3
9,5,16,85
9,5,17,85
9,5,18,85
9,5,19,85
9,5,20,85
9,5,21,85
9,5,22,85
9,5,23,85
9,5,24,85
9,5,25,60
9,5,26,83
9,5,27,60
9,5,28,85
9,5,29,85
9,5,30,85
9,5,31,85
9,5,32,85
9,5,33,3
9,5,34,3
9,5,35,3
9,5,36,79
9,5,37,58
9,5,38,34
9,5,39,65
9,5,40,3
9,5,41,3
9,5,42,3
9,6,0,3
9,6,1,3
9,6,2,5
9,6,3,89
9,6,4,3
9,6,5,3
9,6,6,3
9,6,7,26
9,6,8,74
9,6,9,98
9,6,10,3
9,6,11,5
9,6,12,79
9,6,13,34
9,6,14,3
9,6,15,3
9,6,16,3
9,6,17,3
9,6,18,3
9,6,19,3
9,6,20,3
9,6,21,3
9,6,22,3
9,6,23,3
9,6,24,3
9,6,25,102
9,6,26,3
9,6,27,102
9,6,28,3
9,6,29,3
9,6,30,3
9,6,31,3
9,6,32,3
9,6,33,3
9,6,34,3
9,6,35,18
9,6,36,3
9,6,37,15
9,6,38,99
9,6,39,34
9,6,40,3
9,6,41,3
9,6,42,3
9,7,0,3
9,7,1,3
9,7,2,3
9,7,3,3
9,7,4,3
9,7,5,3
9,7,6,3
9,7,7,3
9,7,8,3
9,7,9,26
9,7,10,74
9,7,11,42
9,7,12,42
9,7,13,34
9,7,14,3
9,7,15,3
9,7,16,3
9,7,17,3
9,7,18,3
9,7,19,3
9,7,20,3
9,7,21,3
9,7,22,3
9,7,23,3
9,7,24,3
9,7,25,3
9,7,26,3
9,7,27,3
9,7,28,3
9,7,29,3
9,7,30,3
9,7,31,3
9,7,32,3
9,7,33,3
9,7,34,3
9,7,35,88
9,7,36,3
9,7,37,3
9,7,38,3
9,7,39,34
9,8,13,34
9,8,14,12
9,8,15,0
9,8,16,14
9,8,17,3
9,8,18,3
9,8,19,12
9,8,20,0
9,8,21,14
9,8,22,3
9,8,23,3
9,8,24,12
9,8,25,0
9,8,26,14
9,8,27,3
9,8,28,3
9,8,29,12
9,8,30,0
9,8,31,14
9,8,32,3
9,8,33,3
9,8,34,3
9,8,35,88
9,8,36,3
9,8,37,3
9,8,38,3
9,8,39,63
9,9,13,43
9,9,14,0
9,9,15,0
9,9,16,0
9,9,17,0
9,9,18,0
9,9,19,0
9,9,20,0
9,9,21,0
9,9,22,0
9,9,23,0
9,9,24,0
9,9,25,0
9,9,26,0
9,9,27,0
9,9,28,0
9,9,29,0
9,9,30,0
9,9,31,0
9,9,32,0
9,9,33,0
9,9,34,0
9,9,35,0
9,9,36,79
9,9,37,79
9,9,38,43
9,10,13,16
9,10,14,0
9,10,15,0
9,10,16,0
9,10,17,0
9,10,18,0
9,10,19,0
9,10,20,0
9,10,21,0
9,10,22,0
9,10,23,0
9,10,24,0
9,10,25,0
9,10,26,0
9,10,27,0
9,10,28,0
9,10,29,0
9,10,30,0
9,10,31,0
9,10,32,0
9,10,33,0
9,10,34,0
9,10,35,0
9,10,36,18
9,10,37,3
9,10,38,18
9,11,13,16
9,11,14,3
9,11,15,3
9,11,16,3
9,11,17,3
9,11,18,3
9,11,19,3
9,11,20,3
9,11,21,3
9,11,22,3
9,11,23,3
9,11,24,3
9,11,25,3
9,11,26,3
9,11,27,3
9,11,28,3
9,11,29,3
9,11,30,3
9,11,31,3
9,11,32,3
9,11,33,3
9,11,34,3
9,11,35,3
9,11,36,3
9,11,37,3
9,11,38,18
9,12,12,103
9,12,13,103
9,12,14,103
9,12,15,103
9,12,16,103
9,12,17,103
9,12,18,103
9,12,19,103
9,12,20,103
9,12,21,103
9,12,22,103
9,12,23,103
9,12,24,103
9,12,25,103
9,12,26,103
9,12,27,103
9,12,28,103
9,12,29,103
9,12,30,103
9,12,31,103
9,12,32,103
9,12,33,103
9,12,34,103
9,12,35,103
9,12,36,103
9,12,37,103
9,12,38,103
9,12,39,103
10,0,0,0
10,0,1,7
10,0,2,7
10,0,3,7
10,0,4,81
10,0,5,81
10,0,6,7
10,0,7,7
10,0,8,7
10,0,9,7
10,0,10,7
10,0,11,7
10,0,12,7
10,0,13,7
10,0,14,7
10,0,15,7
10,0,16,7
10,0,17,7
10,0,18,7
10,0,19,7
10,0,20,7
10,0,21,7
10,0,22,7
10,0,23,7
10,0,24,7
10,0,25,7
10,0,26,7
10,0,27,7
10,0,28,7
10,0,29,7
10,0,30,7
10,0,31,7
10,0,32,7
10,0,33,7
10,0,34,7
10,0,35,7
10,0,36,7
10,0,37,7
10,0,38,7
10,0,39,7
10,0,40,7
10,0,41,7
10,0,42,0
10,1,0,5
10,1,1,3
10,1,2,84
10,1,3,81
10,1,4,81
10,1,5,95
10,1,6,59
10,1,7,81
10,1,8,65
10,1,9,81
10,1,10,81
10,1,11,58
10,1,12,54
10,1,13,54
10,1,14,54
10,1,15,54
10,1,16,65
10,1,17,3
10,1,18,3
10,1,19,3
10,1,20,3
10,1,21,3
10,1,22,3
10,1,23,3
10,1,24,3
10,1,25,3
10,1,26,3
10,1,27,3
10,1,28,3
10,1,29,3
10,1,30,3
10,1,31,3
10,1,32,3
10,1,33,3
10,1,34,3
10,1,35,3
10,1,36,3
10,1,37,85
10,1,38,34
10,1,39,3
10,1,40,3
10,1,41,3
10,1,42,3
10,2,0,5
10,2,1,3
10,2,2,5
10,2,3,81
10,2,4,81
10,2,5,3
10,2,6,3
10,2,7,104
10,2,8,67
10,2,9,97
10,2,10,105
10,2,11,5
10,2,12,3
10,2,13,3
10,2,14,3
10,2,15,3
10,2,16,5
10,2,17,3
10,2,18,3
10,2,19,3
10,2,20,3
10,2,21,3
10,2,22,3
10,2,23,3
10,2,24,3
10,2,25,3
10,2,26,3
10,2,27,3
10,2,28,3
10,2,29,3
10,2,30,3
10,2,31,3
10,2,32,3
10,2,33,3
10,2,34,3
10,2,35,3
10,2,36,3
10,2,37,3
10,2,38,34
10,2,39,3
10,2,40,3
10,2,41,3
10,2,42,3
10,3,0,3
10,3,1,3
10,3,2,5
10,3,3,81
10,3,4,81
10,3,5,81
10,3,6,65
10,3,7,3
10,3,8,3
10,3,9,3
10,3,10,96
10,3,11,5
10,3,12,3
10,3,13,3
10,3,14,3
10,3,15,3
10,3,16,3
10,3,17,3
10,3,18,3
10,3,19,3
10,3,20,3
10,3,21,3
10,3,22,3
10,3,23,3
10,3,24,3
10,3,25,3
10,3,26,3
10,3,27,3
10,3,28,3
10,3,29,3
10,3,30,3
10,3,31,3
10,3,32,3
10,3,33,3
10,3,34,3
10,3,35,3
10,3,36,3
10,3,37,3
10,3,38,34
10,3,39,3
10,3,40,3
10,3,41,3
10,3,42,3
10,4,0,3
10,4,1,3
10,4,2,84
10,4,3,81
10,4,4,81
10,4,5,3
10,4,6,34
10,4,7,3
10,4,8,3
10,4,9,3
10,4,10,3
10,4,11,5
10,4,12,3
10,4,13,3
10,4,14,3
10,4,15,3
10,4,16,3
10,4,17,3
10,4,18,3
10,4,19,3
10,4,20,3
10,4,21,3
10,4,22,3
10,4,23,3
10,4,24,3
10,4,25,3
10,4,26,0
10,4,27,3
10,4,28,3
10,4,29,3
10,4,30,3
10,4,31,3
10,4,32,3
10,4,33,3
10,4,34,3
10,4,35,3
10,4,36,3
10,4,37,3
10,4,38,34
10,4,39,17
10,4,40,3
10,4,41,3
10,4,42,3
10,5,0,3
10,5,1,3
10,5,2,5
10,5,3,81
10,5,4,3
10,5,5,26
10,5,6,74
10,5,7,98
10,5,8,3
10,5,9,3
10,5,10,3
10,5,11,5
10,5,12,3
10,5,13,34
10,5,14,3
10,5,15,3
10,5,16,3
10,5,17,3
10,5,18,3
10,5,19,3
10,5,20,3
10,5,21,3
10,5,22,3
10,5,23,3
10,5,24,3
10,5,25,85
10,5,26,83
10,5,27,85
10,5,28,3
10,5,29,3
10,5,30,3
10,5,31,3
10,5,32,3
10,5,33,3
10,5,34,3
10,5,35,3
10,5,36,79
10,5,37,58
10,5,38,34
10,5,39,65
10,5,40,3
10,5,41,3
10,5,42,3
10,6,0,3
10,6,1,3
10,6,2,5
10,6,3,89
10,6,4,3
10,6,5,3
10,6,6,3
10,6,7,26
10,6,8,74
10,6,9,98
10,6,10,3
10,6,11,5
10,6,12,79
10,6,13,34
10,6,14,3
10,6,15,3
10,6,16,3
10,6,17,3
10,6,18,3
10,6,19,3
10,6,20,3
10,6,21,3
10,6,22,3
10,6,23,3
10,6,24,3
10,6,25,3
10,6,26,3
10,6,27,3
10,6,28,3
10,6,29,3
10,6,30,3
10,6,31,3
10,6,32,3
10,6,33,3
10,6,34,3
10,6,35,18
10,6,36,3
10,6,37,3
10,6,38,3
10,6,39,34
10,6,40,3
10,6,41,3
10,6,42,3
10,7,0,3
10,7,1,3
10,7,2,3
10,7,3,3
10,7,4,3
10,7,5,3
10,7,6,3
10,7,7,3
10,7,8,3
10,7,9,26
10,7,10,74
10,7,11,42
10,7,12,42
10,7,13,34
10,7,14,3
10,7,15,3
10,7,16,3
10,7,17,3
10,7,18,3
10,7,19,3
10,7,20,3
10,7,21,3
10,7,22,3
10,7,23,3
10,7,24,3
10,7,25,3
10,7,26,3
10,7,27,3
10,7,28,3
10,7,29,3
10,7,30,3
10,7,31,3
10,7,32,3
10,7,33,3
10,7,34,3
10,7,35,88
10,7,36,3
10,7,37,3
10,7,38,3
10,7,39,34
10,8,13,34
10,8,14,12
10,8,15,0
10,8,16,14
10,8,17,3
10,8,18,3
10,8,19,12
10,8,20,0
10,8,21,14
10,8,22,3
10,8,23,3
10,8,24,12
10,8,25,0
10,8,26,14
10,8,27,3
10,8,28,3
10,8,29,12
10,8,30,0
10,8,31,14
10,8,32,3
10,8,33,3
10,8,34,3
10,8,35,88
10,8,36,3
10,8,37,3
10,8,38,3
10,8,39,63
10,9,13,43
10,9,14,0
10,9,15,0
10,9,16,0
10,9,17,0
10,9,18,0
10,9,19,0
10,9,20,0
10,9,21,0
10,9,22,0
10,9,23,0
10,9,24,0
10,9,25,0
10,9,26,0
10,9,27,0
10,9,28,0
10,9,29,0
10,9,30,0
10,9,31,0
10,9,32,0
10,9,33,0
10,9,34,0
10,9,35,0
10,9,36,79
10,9,37,79
10,9,38,43
10,10,13,16
10,10,14,0
10,10,15,0
10,10,16,0
10,10,17,0
10,10,18,0
10,10,19,0
10,10,20,0
10,10,21,0
10,10,22,0
10,10,23,0
10,10,24,0
10,10,25,0
10,10,26,0
10,10,27,0
10,10,28,0
10,10,29,0
10,10,30,0
10,10,31,0
10,10,32,0
10,10,33,0
10,10,34,0
10,10,35,0
10,10,36,18
10,10,37,3
10,10,38,18
10,11,13,16
10,11,14,3
10,11,15,3
10,11,16,3
10,11,17,3
10,11,18,3
10,11,19,3
10,11,20,3
10,11,21,3
10,11,22,3
10,11,23,3
10,11,24,3
10,11,25,3
10,11,26,3
10,11,27,3
10,11,28,3
10,11,29,3
10,11,30,3
10,11,31,3
10,11,32,3
10,11,33,3
10,11,34,3
10,11,35,3
10,11,36,3
10,11,37,3
10,11,38,18
10,12,12,26
10,12,13,26
10,12,14,26
10,12,15,26
10,12,16,26
10,12,17,26
10,12,18,26
10,12,19,26
10,12,20,26
10,12,21,26
10,12,22,26
10,12,23,26
10,12,24,26
10,12,25,26
10,12,26,26
10,12,27,26
10,12,28,26
10,12,29,26
10,12,30,26
10,12,31,26
10,12,32,26
10,12,33,26
10,12,34,26
10,12,35,26
10,12,36,26
10,12,37,26
10,12,38,26
10,12,39,26
11,0,0,0
11,0,1,7
11,0,2,7
11,0,3,7
11,0,4,7
11,0,5,81
11,0,6,7
11,0,7,7
11,0,8,7
11,0,9,7
11,0,10,7
11,0,11,7
11,0,12,7
11,0,13,7
11,0,14,7
11,0,15,7
11,0,16,7
11,0,17,7
11,0,18,7
11,0,19,7
11,0,20,7
11,0,21,7
11,0,22,7
11,0,23,7
11,0,24,7
11,0,25,7
11,0,26,7
11,0,27,7
11,0,28,7
11,0,29,7
11,0,30,7
11,0,31,7
11,0,32,7
11,0,33,7
11,0,34,7
11,0,35,7
11,0,36,7
11,0,37,7
11,0,38,7
11,0,39,7
11,0,40,7
11,0,41,7
11,0,42,0
11,1,0,5
11,1,1,3
11,1,2,84
11,1,3,81
11,1,4,81
11,1,5,94
11,1,6,81
11,1,7,81
11,1,8,81
11,1,9,81
11,1,10,81
11,1,11,81
11,1,12,0
11,1,13,0
11,1,14,0
11,1,15,0
11,1,16,65
11,1,17,3
11,1,18,3
11,1,19,15
11,1,20,3
11,1,21,3
11,1,22,3
11,1,23,3
11,1,24,3
11,1,25,3
11,1,26,3
11,1,27,3
11,1,28,3
11,1,29,3
11,1,30,3
11,1,31,3
11,1,32,3
11,1,33,15
11,1,34,3
11,1,35,3
11,1,36,3
11,1,37,59
11,1,38,34
11,1,39,3
11,1,40,3
11,1,41,3
11,1,42,3
11,2,0,5
11,2,1,3
11,2,2,81
11,2,3,53
11,2,4,53
11,2,5,95
11,2,6,67
11,2,7,67
11,2,8,67
11,2,9,67
11,2,10,67
11,2,11,67
11,2,12,67
11,2,13,67
11,2,14,106
11,2,15,3
11,2,16,5
11,2,17,3
11,2,18,3
11,2,19,3
11,2,20,3
11,2,21,3
11,2,22,3
11,2,23,3
11,2,24,3
11,2,25,3
11,2,26,3
11,2,27,3
11,2,28,3
11,2,29,3
11,2,30,3
11,2,31,3
11,2,32,3
11,2,33,3
11,2,34,3
11,2,35,3
11,2,36,3
11,2,37,3
11,2,38,34
11,2,39,3
11,2,40,3
11,2,41,3
11,2,42,3
11,3,0,3
11,3,1,3
11,3,2,81
11,3,3,53
11,3,4,81
11,3,5,81
11,3,6,65
11,3,7,107
11,3,8,107
11,3,9,107
11,3,10,107
11,3,11,5
11,3,12,3
11,3,13,3
11,3,14,3
11,3,15,3
11,3,16,3
11,3,17,3
11,3,18,3
11,3,19,3
11,3,20,3
11,3,21,3
11,3,22,3
11,3,23,3
11,3,24,3
11,3,25,3
11,3,26,3
11,3,27,3
11,3,28,3
11,3,29,3
11,3,30,3
11,3,31,3
11,3,32,3
11,3,33,3
11,3,34,3
11,3,35,3
11,3,36,3
11,3,37,3
11,3,38,34
11,3,39,3
11,3,40,3
11,3,41,3
11,3,42,3
11,4,0,3
11,4,1,3
11,4,2,81
11,4,3,53
11,4,4,81
11,4,5,3
11,4,6,34
11,4,7,3
11,4,8,3
11,4,9,3
11,4,10,3
11,4,11,5
11,4,12,11
11,4,13,3
11,4,14,3
11,4,15,3
11,4,16,3
11,4,17,3
11,4,18,3
11,4,19,3
11,4,20,3
11,4,21,3
11,4,22,3
11,4,23,3
11,4,24,3
11,4,25,3
11,4,26,0
11,4,27,3
11,4,28,3
11,4,29,3
11,4,30,3
11,4,31,3
11,4,32,3
11,4,33,3
11,4,34,3
11,4,35,3
11,4,36,3
11,4,37,3
11,4,38,34
11,4,39,17
11,4,40,3
11,4,41,3
11,4,42,3
11,5,0,3
11,5,1,3
11,5,2,81
11,5,3,53
11,5,4,81
11,5,5,26
11,5,6,74
11,5,7,98
11,5,8,3
11,5,9,3
11,5,10,3
11,5,11,5
11,5,12,3
11,5,13,34
11,5,14,3
11,5,15,108
11,5,16,3
11,5,17,3
11,5,18,3
11,5,19,3
11,5,20,108
11,5,21,3
11,5,22,3
11,5,23,3
11,5,24,3
11,5,25,85
11,5,26,83
11,5,27,85
11,5,28,3
11,5,29,3
11,5,30,108
11,5,31,3
11,5,32,3
11,5,33,3
11,5,34,3
11,5,35,3
11,5,36,79
11,5,37,58
11,5,38,34
11,5,39,65
11,5,40,3
11,5,41,3
11,5,42,3
11,6,0,3
11,6,1,3
11,6,2,89
11,6,3,3
11,6,4,89
11,6,5,3
11,6,6,3
11,6,7,26
11,6,8,74
11,6,9,98
11,6,10,3
11,6,11,5
11,6,12,54
11,6,13,34
11,6,14,3
11,6,15,109
11,6,16,3
11,6,17,3
11,6,18,3
11,6,19,3
11,6,20,109
11,6,21,3
11,6,22,3
11,6,23,3
11,6,24,3
11,6,25,3
11,6,26,3
11,6,27,3
11,6,28,3
11,6,29,3
11,6,30,109
11,6,31,3
11,6,32,3
11,6,33,3
11,6,34,3
11,6,35,18
11,6,36,3
11,6,37,3
11,6,38,19
11,6,39,34
11,6,40,3
11,6,41,3
11,6,42,3
11,7,0,3
11,7,1,3
11,7,2,3
11,7,3,3
11,7,4,3
11,7,5,3
11,7,6,3
11,7,7,3
11,7,8,3
11,7,9,26
11,7,10,74
11,7,11,42
11,7,12,42
11,7,13,34
11,7,14,3
11,7,15,110
11,7,16,3
11,7,17,3
11,7,18,3
11,7,19,3
11,7,20,111
11,7,21,3
11,7,22,3
11,7,23,3
11,7,24,3
11,7,25,3
11,7,26,3
11,7,27,3
11,7,28,3
11,7,29,3
11,7,30,111
11,7,31,3
11,7,32,3
11,7,33,3
11,7,34,3
11,7,35,88
11,7,36,3
11,7,37,3
11,7,38,29
11,7,39,34
11,8,13,34
11,8,14,3
11,8,15,0
11,8,16,3
11,8,17,3
11,8,18,3
11,8,19,3
11,8,20,0
11,8,21,3
11,8,22,3
11,8,23,3
11,8,24,92
11,8,25,0
11,8,26,93
11,8,27,3
11,8,28,3
11,8,29,3
11,8,30,0
11,8,31,3
11,8,32,3
11,8,33,3
11,8,34,3
11,8,35,88
11,8,36,3
11,8,37,3
11,8,38,3
11,8,39,63
11,9,13,43
11,9,14,3
11,9,15,0
11,9,16,3
11,9,17,3
11,9,18,3
11,9,19,3
11,9,20,0
11,9,21,3
11,9,22,3
11,9,23,3
11,9,24,3
11,9,25,0
11,9,26,3
11,9,27,3
11,9,28,3
11,9,29,3
11,9,30,0
11,9,31,3
11,9,32,3
11,9,33,3
11,9,34,3
11,9,35,16
11,9,36,79
11,9,37,79
11,9,38,43
11,10,13,16
11,10,14,3
11,10,15,3
11,10,16,3
11,10,17,3
11,10,18,3
11,10,19,3
11,10,20,3
11,10,21,3
11,10,22,3
11,10,23,3
11,10,24,3
11,10,25,3
11,10,26,3
11,10,27,3
11,10,28,3
11,10,29,3
11,10,30,3
11,10,31,3
11,10,32,3
11,10,33,3
11,10,34,3
11,10,35,3
11,10,36,3
11,10,37,3
11,10,38,18
11,11,13,16
11,11,14,112
11,11,15,112
11,11,16,112
11,11,17,112
11,11,18,112
11,11,19,112
11,11,20,112
11,11,21,112
11,11,22,112
11,11,23,112
11,11,24,112
11,11,25,112
11,11,26,112
11,11,27,112
11,11,28,112
11,11,29,112
11,11,30,112
11,11,31,112
11,11,32,112
11,11,33,112
11,11,34,112
11,11,35,112
11,11,36,112
11,11,37,112
11,11,38,18
11,12,12,26
11,12,13,26
11,12,14,26
11,12,15,26
11,12,16,26
11,12,17,26
11,12,18,26
11,12,19,26
11,12,20,26
11,12,21,26
11,12,22,26
11,12,23,26
11,12,24,26
11,12,25,26
11,12,26,26
11,12,27,26
11,12,28,26
11,12,29,26
11,12,30,26
11,12,31,26
11,12,32,26
11,12,33,26
11,12,34,26
11,12,35,26
11,12,36,26
11,12,37,26
11,12,38,26
11,12,39,26
12,0,0,0
12,0,1,7
12,0,2,7
12,0,3,7
12,0,4,7
12,0,5,7
12,0,6,7
12,0,7,7
12,0,8,7
12,0,9,7
12,0,10,7
12,0,11,7
12,0,12,7
12,0,13,7
12,0,14,7
12,0,15,7
12,0,16,7
12,0,17,7
12,0,18,7
12,0,19,7
12,0,20,7
12,0,21,7
12,0,22,7
12,0,23,7
12,0,24,7
12,0,25,7
12,0,26,7
12,0,27,7
12,0,28,7
12,0,29,7
12,0,30,7
12,0,31,7
12,0,32,7
12,0,33,7
12,0,34,7
12,0,35,7
12,0,36,7
12,0,37,7
12,0,38,7
12,0,39,7
12,0,40,7
12,0,41,7
12,0,42,0
12,1,0,4
12,1,1,3
12,1,2,5
12,1,3,81
12,1,4,81
12,1,5,81
12,1,6,17
12,1,7,34
12,1,8,34
12,1,9,34
12,1,10,34
12,1,11,34
12,1,12,34
12,1,13,34
12,1,14,0
12,1,15,0
12,1,16,65
12,1,17,3
12,1,18,3
12,1,19,3
12,1,20,3
12,1,21,3
12,1,22,3
12,1,23,3
12,1,24,3
12,1,25,3
12,1,26,3
12,1,27,3
12,1,28,3
12,1,29,3
12,1,30,3
12,1,31,3
12,1,32,3
12,1,33,3
12,1,34,3
12,1,35,85
12,1,36,87
12,1,37,34
12,1,38,34
12,1,39,3
12,1,40,3
12,1,41,3
12,1,42,4
12,2,0,4
12,2,1,3
12,2,2,5
12,2,3,81
12,2,4,81
12,2,5,81
12,2,6,17
12,2,7,34
12,2,8,34
12,2,9,34
12,2,10,34
12,2,11,34
12,2,12,34
12,2,13,34
12,2,14,83
12,2,15,3
12,2,16,5
12,2,17,3
12,2,18,3
12,2,19,3
12,2,20,3
12,2,21,3
12,2,22,3
12,2,23,3
12,2,24,3
12,2,25,3
12,2,26,3
12,2,27,3
12,2,28,3
12,2,29,3
12,2,30,3
12,2,31,3
12,2,32,3
12,2,33,3
12,2,34,3
12,2,35,3
12,2,36,3
12,2,37,34
12,2,38,34
12,2,39,3
12,2,40,3
12,2,41,3
12,2,42,4
12,3,0,25
12,3,1,3
12,3,2,84
12,3,3,81
12,3,4,81
12,3,5,3
12,3,6,17
12,3,7,34
12,3,8,34
12,3,9,34
12,3,10,34
12,3,11,34
12,3,12,34
12,3,13,34
12,3,14,3
12,3,15,3
12,3,16,3
12,3,17,3
12,3,18,3
12,3,19,3
12,3,20,3
12,3,21,3
12,3,22,3
12,3,23,3
12,3,24,3
12,3,25,3
12,3,26,3
12,3,27,3
12,3,28,3
12,3,29,3
12,3,30,3
12,3,31,3
12,3,32,3
12,3,33,3
12,3,34,3
12,3,35,3
12,3,36,3
12,3,37,34
12,3,38,34
12,3,39,14
12,3,40,3
12,3,41,3
12,3,42,37
12,4,0,3
12,4,1,3
12,4,2,5
12,4,3,81
12,4,4,3
12,4,5,3
12,4,6,17
12,4,7,34
12,4,8,34
12,4,9,34
12,4,10,34
12,4,11,34
12,4,12,34
12,4,13,34
12,4,14,3
12,4,15,3
12,4,16,3
12,4,17,3
12,4,18,3
12,4,19,3
12,4,20,3
12,4,21,3
12,4,22,3
12,4,23,3
12,4,24,3
12,4,25,3
12,4,26,0
12,4,27,3
12,4,28,3
12,4,29,3
12,4,30,3
12,4,31,3
12,4,32,3
12,4,33,3
12,4,34,3
12,4,35,3
12,4,36,3
12,4,37,34
12,4,38,34
12,4,39,17
12,4,40,3
12,4,41,3
12,4,42,3
12,5,0,3
12,5,1,3
12,5,2,5
12,5,3,81
12,5,4,3
12,5,5,26
12,5,6,74
12,5,7,34
12,5,8,34
12,5,9,34
12,5,10,88
12,5,11,88
12,5,12,34
12,5,13,34
12,5,14,3
12,5,15,3
12,5,16,3
12,5,17,3
12,5,18,3
12,5,19,3
12,5,20,3
12,5,21,3
12,5,22,3
12,5,23,3
12,5,24,3
12,5,25,85
12,5,26,83
12,5,27,85
12,5,28,3
12,5,29,3
12,5,30,3
12,5,31,3
12,5,32,3
12,5,33,3
12,5,34,3
12,5,35,3
12,5,36,60
12,5,37,34
12,5,38,34
12,5,39,17
12,5,40,3
12,5,41,3
12,5,42,3
12,6,0,3
12,6,1,3
12,6,2,3
12,6,3,89
12,6,4,3
12,6,5,3
12,6,6,3
12,6,7,26
12,6,8,74
12,6,9,34
12,6,10,34
12,6,11,34
12,6,12,34
12,6,13,34
12,6,14,3
12,6,15,3
12,6,16,3
12,6,17,3
12,6,18,3
12,6,19,3
12,6,20,3
12,6,21,3
12,6,22,3
12,6,23,3
12,6,24,3
12,6,25,3
12,6,26,3
12,6,27,3
12,6,28,3
12,6,29,3
12,6,30,3
12,6,31,3
12,6,32,3
12,6,33,3
12,6,34,3
12,6,35,18
12,6,36,3
12,6,37,19
12,6,38,22
12,6,39,17
12,6,40,3
12,6,41,3
12,6,42,3
12,7,0,3
12,7,1,3
12,7,2,3
12,7,3,3
12,7,4,3
12,7,5,3
12,7,6,3
12,7,7,3
12,7,8,3
12,7,9,26
12,7,10,74
12,7,11,80
12,7,12,80
12,7,13,34
12,7,14,3
12,7,15,3
12,7,16,3
12,7,17,3
12,7,18,3
12,7,19,3
12,7,20,3
12,7,21,3
12,7,22,3
12,7,23,3
12,7,24,3
12,7,25,3
12,7,26,3
12,7,27,3
12,7,28,3
12,7,29,3
12,7,30,3
12,7,31,3
12,7,32,3
12,7,33,3
12,7,34,3
12,7,35,88
12,7,36,3
12,7,37,3
12,7,38,23
12,7,39,17
12,8,13,34
12,8,14,3
12,8,15,0
12,8,16,3
12,8,17,3
12,8,18,3
12,8,19,3
12,8,20,0
12,8,21,3
12,8,22,3
12,8,23,3
12,8,24,3
12,8,25,0
12,8,26,3
12,8,27,3
12,8,28,3
12,8,29,3
12,8,30,0
12,8,31,3
12,8,32,3
12,8,33,3
12,8,34,3
12,8,35,88
12,8,36,3
12,8,37,3
12,8,38,31
12,8,39,18
12,9,13,43
12,9,14,3
12,9,15,0
12,9,16,3
12,9,17,3
12,9,18,3
12,9,19,3
12,9,20,0
12,9,21,3
12,9,22,3
12,9,23,3
12,9,24,3
12,9,25,0
12,9,26,3
12,9,27,3
12,9,28,3
12,9,29,3
12,9,30,0
12,9,31,3
12,9,32,3
12,9,33,3
12,9,34,3
12,9,35,16
12,9,36,79
12,9,37,79
12,9,38,43
12,10,13,16
12,10,14,3
12,10,15,3
12,10,16,3
12,10,17,3
12,10,18,3
12,10,19,3
12,10,20,3
12,10,21,3
12,10,22,3
12,10,23,3
12,10,24,3
12,10,25,3
12,10,26,3
12,10,27,3
12,10,28,3
12,10,29,3
12,10,30,3
12,10,31,3
12,10,32,3
12,10,33,3
12,10,34,3
12,10,35,3
12,10,36,3
12,10,37,3
12,10,38,18
12,11,12,103
12,11,13,103
12,11,14,103
12,11,15,103
12,11,16,103
12,11,17,103
12,11,18,103
12,11,19,103
12,11,20,103
12,11,21,103
12,11,22,103
12,11,23,103
12,11,24,103
12,11,25,103
12,11,26,103
12,11,27,103
12,11,28,103
12,11,29,103
12,11,30,103
12,11,31,103
12,11,32,103
12,11,33,103
12,11,34,103
12,11,35,103
12,11,36,103
12,11,37,103
12,11,38,103
12,11,39,103
13,0,0,0
13,0,1,7
13,0,2,7
13,0,3,7
13,0,4,7
13,0,5,7
13,0,6,7
13,0,7,7
13,0,8,7
13,0,9,7
13,0,10,7
13,0,11,7
13,0,12,7
13,0,13,7
13,0,14,7
13,0,15,7
13,0,16,7
13,0,17,7
13,0,18,7
13,0,19,7
13,0,20,7
13,0,21,7
13,0,22,7
13,0,23,7
13,0,24,7
13,0,25,7
13,0,26,7
13,0,27,7
13,0,28,7
13,0,29,7
13,0,30,7
13,0,31,7
13,0,32,7
13,0,33,7
13,0,34,7
13,0,35,7
13,0,36,7
13,0,37,7
13,0,38,7
13,0,39,7
13,0,40,7
13,0,41,7
13,0,42,0
13,1,0,5
13,1,1,3
13,1,2,3
13,1,3,3
13,1,4,3
13,1,5,3
13,1,6,3
13,1,7,3
13,1,8,3
13,1,9,72
13,1,10,3
13,1,11,22
13,1,12,28
13,1,13,34
13,1,14,0
13,1,15,0
13,1,16,34
13,1,17,34
13,1,18,113
13,1,19,3
13,1,20,3
13,1,21,3
13,1,22,113
13,1,23,3
13,1,24,3
13,1,25,113
13,1,26,3
13,1,27,3
13,1,28,3
13,1,29,3
13,1,30,3
13,1,31,3
13,1,32,3
13,1,33,3
13,1,34,3
13,1,35,3
13,1,36,3
13,1,37,72
13,1,38,34
13,1,39,3
13,1,40,3
13,1,41,3
13,1,42,5
13,2,0,5
13,2,1,3
13,2,2,3
13,2,3,3
13,2,4,3
13,2,5,3
13,2,6,3
13,2,7,58
13,2,8,82
13,2,9,82
13,2,10,82
13,2,11,82
13,2,12,82
13,2,13,34
13,2,14,83
13,2,15,87
13,2,16,34
13,2,17,34
13,2,18,3
13,2,19,3
13,2,20,3
13,2,21,3
13,2,22,3
13,2,23,3
13,2,24,3
13,2,25,3
13,2,26,3
13,2,27,3
13,2,28,3
13,2,29,3
13,2,30,3
13,2,31,3
13,2,32,3
13,2,33,3
13,2,34,3
13,2,35,3
13,2,36,3
13,2,37,3
13,2,38,34
13,2,39,3
13,2,40,3
13,2,41,3
13,2,42,5
13,3,0,3
13,3,1,3
13,3,2,3
13,3,3,3
13,3,4,3
13,3,5,3
13,3,6,3
13,3,7,87
13,3,8,72
13,3,9,72
13,3,10,72
13,3,11,72
13,3,12,72
13,3,13,34
13,3,14,3
13,3,15,3
13,3,16,87
13,3,17,34
13,3,18,3
13,3,19,3
13,3,20,3
13,3,21,3
13,3,22,3
13,3,23,3
13,3,24,3
13,3,25,3
13,3,26,3
13,3,27,3
13,3,28,3
13,3,29,3
13,3,30,3
13,3,31,3
13,3,32,3
13,3,33,3
13,3,34,3
13,3,35,3
13,3,36,3
13,3,37,3
13,3,38,34
13,3,39,3
13,3,40,3
13,3,41,3
13,3,42,3
13,4,0,3
13,4,1,3
13,4,2,3
13,4,3,3
13,4,4,3
13,4,5,3
13,4,6,114
13,4,7,3
13,4,8,3
13,4,9,82
13,4,10,3
13,4,11,3
13,4,12,3
13,4,13,34
13,4,14,3
13,4,15,3
13,4,16,3
13,4,17,87
13,4,18,115
13,4,19,3
13,4,20,3
13,4,21,3
13,4,22,115
13,4,23,3
13,4,24,3
13,4,25,115
13,4,26,0
13,4,27,115
13,4,28,3
13,4,29,3
13,4,30,3
13,4,31,3
13,4,32,3
13,4,33,3
13,4,34,3
13,4,35,3
13,4,36,3
13,4,37,3
13,4,38,34
13,4,39,17
13,4,40,3
13,4,41,3
13,4,42,3
13,5,0,3
13,5,1,3
13,5,2,3
13,5,3,3
13,5,4,3
13,5,5,26
13,5,6,74
13,5,7,3
13,5,8,3
13,5,9,72
13,5,10,3
13,5,11,3
13,5,12,3
13,5,13,34
13,5,14,3
13,5,15,3
13,5,16,3
13,5,17,3
13,5,18,85
13,5,19,85
13,5,20,85
13,5,21,85
13,5,22,85
13,5,23,85
13,5,24,85
13,5,25,60
13,5,26,83
13,5,27,60
13,5,28,85
13,5,29,3
13,5,30,3
13,5,31,3
13,5,32,3
13,5,33,3
13,5,34,3
13,5,35,3
13,5,36,79
13,5,37,82
13,5,38,34
13,5,39,65
13,5,40,3
13,5,41,3
13,5,42,3
13,6,0,3
13,6,1,3
13,6,2,3
13,6,3,3
13,6,4,3
13,6,5,3
13,6,6,3
13,6,7,26
13,6,8,74
13,6,9,82
13,6,10,3
13,6,11,3
13,6,12,3
13,6,13,34
13,6,14,3
13,6,15,3
13,6,16,3
13,6,17,3
13,6,18,3
13,6,19,3
13,6,20,3
13,6,21,3
13,6,22,3
13,6,23,3
13,6,24,3
13,6,25,102
13,6,26,3
13,6,27,102
13,6,28,3
13,6,29,3
13,6,30,3
13,6,31,3
13,6,32,3
13,6,33,3
13,6,34,3
13,6,35,18
13,6,36,3
13,6,37,28
13,6,38,31
13,6,39,34
13,6,40,3
13,6,41,3
13,6,42,3
13,7,0,3
13,7,1,3
13,7,2,3
13,7,3,3
13,7,4,3
13,7,5,3
13,7,6,3
13,7,7,3
13,7,8,3
13,7,9,26
13,7,10,74
13,7,11,42
13,7,12,42
13,7,13,34
13,7,14,3
13,7,15,3
13,7,16,3
13,7,17,3
13,7,18,3
13,7,19,3
13,7,20,3
13,7,21,3
13,7,22,3
13,7,23,3
13,7,24,3
13,7,25,3
13,7,26,3
13,7,27,3
13,7,28,3
13,7,29,3
13,7,30,3
13,7,31,3
13,7,32,3
13,7,33,3
13,7,34,3
13,7,35,88
13,7,36,3
13,7,37,23
13,7,38,31
13,7,39,34
13,8,13,34
13,8,14,3
13,8,15,105
13,8,16,3
13,8,17,3
13,8,18,3
13,8,19,3
13,8,20,105
13,8,21,3
13,8,22,3
13,8,23,3
13,8,24,3
13,8,25,105
13,8,26,3
13,8,27,3
13,8,28,3
13,8,29,3
13,8,30,105
13,8,31,3
13,8,32,3
13,8,33,3
13,8,34,3
13,8,35,88
13,8,36,3
13,8,37,3
13,8,38,31
13,8,39,63
13,9,13,43
13,9,14,3
13,9,15,0
13,9,16,3
13,9,17,3
13,9,18,3
13,9,19,3
13,9,20,0
13,9,21,3
13,9,22,3
13,9,23,3
13,9,24,3
13,9,25,0
13,9,26,3
13,9,27,3
13,9,28,3
13,9,29,3
13,9,30,0
13,9,31,3
13,9,32,3
13,9,33,3
13,9,34,3
13,9,35,16
13,9,36,79
13,9,37,79
13,9,38,43
13,10,13,16
13,10,14,112
13,10,15,112
13,10,16,112
13,10,17,112
13,10,18,112
13,10,19,112
13,10,20,112
13,10,21,112
13,10,22,112
13,10,23,112
13,10,24,112
13,10,25,112
13,10,26,112
13,10,27,112
13,10,28,112
13,10,29,112
13,10,30,112
13,10,31,112
13,10,32,112
13,10,33,112
13,10,34,112
13,10,35,112
13,10,36,112
13,10,37,112
13,10,38,18
13,11,12,26
13,11,13,26
13,11,14,26
13,11,15,26
13,11,16,26
13,11,17,26
13,11,18,26
13,11,19,26
13,11,20,26
13,11,21,26
13,11,22,26
13,11,23,26
13,11,24,26
13,11,25,26
13,11,26,26
13,11,27,26
13,11,28,26
13,11,29,26
13,11,30,26
13,11,31,26
13,11,32,26
13,11,33,26
13,11,34,26
13,11,35,26
13,11,36,26
13,11,37,26
13,11,38,26
13,11,39,26
14,0,0,0
14,0,1,7
14,0,2,7
14,0,3,7
14,0,4,7
14,0,5,7
14,0,6,7
14,0,7,7
14,0,8,7
14,0,9,7
14,0,10,7
14,0,11,7
14,0,12,7
14,0,13,7
14,0,14,7
14,0,15,7
14,0,16,7
14,0,17,7
14,0,18,7
14,0,19,7
14,0,20,7
14,0,21,7
14,0,22,7
14,0,23,7
14,0,24,7
14,0,25,7
14,0,26,7
14,0,27,7
14,0,28,7
14,0,29,7
14,0,30,7
14,0,31,7
14,0,32,7
14,0,33,7
14,0,34,7
14,0,35,7
14,0,36,7
14,0,37,7
14,0,38,7
14,0,39,7
14,0,40,7
14,0,41,7
14,0,42,0
14,1,0,5
14,1,1,3
14,1,2,3
14,1,3,3
14,1,4,3
14,1,5,3
14,1,6,3
14,1,7,3
14,1,8,3
14,1,9,3
14,1,10,3
14,1,11,28
14,1,12,22
14,1,13,34
14,1,14,0
14,1,15,0
14,1,16,34
14,1,17,34
14,1,18,17
14,1,19,14
14,1,20,13
14,1,21,12
14,1,22,17
14,1,23,14
14,1,24,12
14,1,25,17
14,1,26,13
14,1,27,17
14,1,28,5
14,1,29,3
14,1,30,3
14,1,31,3
14,1,32,3
14,1,33,3
14,1,34,3
14,1,35,3
14,1,36,3
14,1,37,85
14,1,38,34
14,1,39,3
14,1,40,3
14,1,41,3
14,1,42,5
14,2,0,5
14,2,1,3
14,2,2,3
14,2,3,3
14,2,4,3
14,2,5,3
14,2,6,3
14,2,7,3
14,2,8,3
14,2,9,3
14,2,10,3
14,2,11,22
14,2,12,31
14,2,13,34
14,2,14,104
14,2,15,97
14,2,16,0
14,2,17,34
14,2,18,17
14,2,19,116
14,2,20,5
14,2,21,116
14,2,22,17
14,2,23,3
14,2,24,117
14,2,25,17
14,2,26,3
14,2,27,17
14,2,28,5
14,2,29,3
14,2,30,3
14,2,31,3
14,2,32,3
14,2,33,3
14,2,34,3
14,2,35,3
14,2,36,3
14,2,37,3
14,2,38,34
14,2,39,3
14,2,40,3
14,2,41,3
14,2,42,5
14,3,0,3
14,3,1,3
14,3,2,3
14,3,3,3
14,3,4,3
14,3,5,3
14,3,6,3
14,3,7,3
14,3,8,3
14,3,9,3
14,3,10,3
14,3,11,3
14,3,12,31
14,3,13,34
14,3,14,3
14,3,15,3
14,3,16,97
14,3,17,0
14,3,18,17
14,3,19,116
14,3,20,5
14,3,21,116
14,3,22,17
14,3,23,3
14,3,24,3
14,3,25,17
14,3,26,3
14,3,27,17
14,3,28,5
14,3,29,3
14,3,30,3
14,3,31,3
14,3,32,3
14,3,33,3
14,3,34,3
14,3,35,3
14,3,36,3
14,3,37,3
14,3,38,34
14,3,39,3
14,3,40,3
14,3,41,3
14,3,42,3
14,4,0,3
14,4,1,3
14,4,2,3
14,4,3,3
14,4,4,3
14,4,5,3
14,4,6,3
14,4,7,3
14,4,8,3
14,4,9,3
14,4,10,3
14,4,11,3
14,4,12,3
14,4,13,34
14,4,14,3
14,4,15,3
14,4,16,3
14,4,17,97
14,4,18,0
14,4,19,0
14,4,20,0
14,4,21,0
14,4,22,0
14,4,23,0
14,4,24,0
14,4,25,0
14,4,26,0
14,4,27,0
14,4,28,5
14,4,29,3
14,4,30,3
14,4,31,3
14,4,32,3
14,4,33,3
14,4,34,3
14,4,35,3
14,4,36,3
14,4,37,3
14,4,38,34
14,4,39,17
14,4,40,3
14,4,41,3
14,4,42,3
14,5,0,3
14,5,1,3
14,5,2,3
14,5,3,3
14,5,4,3
14,5,5,3
14,5,6,3
14,5,7,3
14,5,8,3
14,5,9,3
14,5,10,3
14,5,11,3
14,5,12,3
14,5,13,34
14,5,14,3
14,5,15,3
14,5,16,3
14,5,17,3
14,5,18,67
14,5,19,67
14,5,20,67
14,5,21,67
14,5,22,67
14,5,23,67
14,5,24,67
14,5,25,67
14,5,26,96
14,5,27,3
14,5,28,85
14,5,29,3
14,5,30,3
14,5,31,3
14,5,32,3
14,5,33,3
14,5,34,3
14,5,35,3
14,5,36,3
14,5,37,3
14,5,38,34
14,5,39,82
14,5,40,3
14,5,41,3
14,5,42,3
14,6,0,3
14,6,1,3
14,6,2,3
14,6,3,3
14,6,4,3
14,6,5,3
14,6,6,3
14,6,7,3
14,6,8,3
14,6,9,3
14,6,10,3
14,6,11,3
14,6,12,3
14,6,13,34
14,6,14,3
14,6,15,3
14,6,16,3
14,6,17,3
14,6,18,3
14,6,19,3
14,6,20,3
14,6,21,3
14,6,22,3
14,6,23,3
14,6,24,3
14,6,25,3
14,6,26,3
14,6,27,3
14,6,28,3
14,6,29,3
14,6,30,3
14,6,31,3
14,6,32,3
14,6,33,3
14,6,34,3
14,6,35,34
14,6,36,34
14,6,37,34
14,6,38,34
14,6,39,34
14,6,40,3
14,6,41,3
14,6,42,3
14,7,0,3
14,7,1,3
14,7,2,3
14,7,3,3
14,7,4,3
14,7,5,3
14,7,6,3
14,7,7,3
14,7,8,3
14,7,9,3
14,7,10,3
14,7,11,3
14,7,12,3
14,7,13,34
14,7,14,3
14,7,15,3
14,7,16,3
14,7,17,3
14,7,18,3
14,7,19,3
14,7,20,3
14,7,21,3
14,7,22,3
14,7,23,3
14,7,24,3
14,7,25,3
14,7,26,3
14,7,27,3
14,7,28,3
14,7,29,3
14,7,30,3
14,7,31,3
14,7,32,3
14,7,33,3
14,7,34,3
14,7,35,34
14,7,36,34
14,7,37,34
14,7,38,34
14,7,39,34
14,8,13,34
14,8,14,3
14,8,15,3
14,8,16,3
14,8,17,3
14,8,18,3
14,8,19,3
14,8,20,3
14,8,21,3
14,8,22,3
14,8,23,3
14,8,24,3
14,8,25,3
14,8,26,3
14,8,27,3
14,8,28,3
14,8,29,3
14,8,30,3
14,8,31,3
14,8,32,3
14,8,33,3
14,8,34,3
14,8,35,34
14,8,36,34
14,8,37,34
14,8,38,34
14,8,39,72
14,9,13,43
14,9,14,3
14,9,15,105
14,9,16,3
14,9,17,3
14,9,18,3
14,9,19,3
14,9,20,105
14,9,21,3
14,9,22,3
14,9,23,3
14,9,24,3
14,9,25,105
14,9,26,3
14,9,27,3
14,9,28,3
14,9,29,3
14,9,30,105
14,9,31,3
14,9,32,3
14,9,33,3
14,9,34,3
14,9,35,16
14,9,36,34
14,9,37,34
14,9,38,43
14,10,12,103
14,10,13,103
14,10,14,103
14,10,15,103
14,10,16,103
14,10,17,103
14,10,18,103
14,10,19,103
14,10,20,103
14,10,21,103
14,10,22,103
14,10,23,103
14,10,24,103
14,10,25,103
14,10,26,103
14,10,27,103
14,10,28,103
14,10,29,103
14,10,30,103
14,10,31,103
14,10,32,103
14,10,33,103
14,10,34,103
14,10,35,103
14,10,36,103
14,10,37,103
14,10,38,103
14,10,39,103
15,0,0,0
15,0,1,0
15,0,2,0
15,0,3,0
15,0,4,0
15,0,5,0
15,0,6,0
15,0,7,0
15,0,8,7
15,0,9,7
15,0,10,7
15,0,11,7
15,0,12,7
15,0,13,7
15,0,14,7
15,0,15,7
15,0,16,7
15,0,17,7
15,0,18,7
15,0,19,7
15,0,20,7
15,0,21,7
15,0,22,7
15,0,23,7
15,0,24,7
15,0,25,7
15,0,26,7
15,0,27,7
15,0,28,7
15,0,29,7
15,0,30,7
15,0,31,7
15,0,32,7
15,0,33,7
15,0,34,7
15,0,35,7
15,0,36,7
15,0,37,7
15,0,38,7
15,0,39,7
15,0,40,7
15,0,41,7
15,0,42,0
15,1,0,4
15,1,1,5
15,1,2,5
15,1,3,5
15,1,4,5
15,1,5,5
15,1,6,5
15,1,7,4
15,1,8,3
15,1,9,3
15,1,10,3
15,1,11,22
15,1,12,22
15,1,13,17
15,1,14,34
15,1,15,34
15,1,16,34
15,1,17,34
15,1,18,34
15,1,19,34
15,1,20,34
15,1,21,34
15,1,22,34
15,1,23,34
15,1,24,34
15,1,25,34
15,1,26,34
15,1,27,34
15,1,28,34
15,1,29,34
15,1,30,17
15,1,31,118
15,1,32,119
15,1,33,3
15,1,34,3
15,1,35,3
15,1,36,119
15,1,37,120
15,1,38,17
15,1,39,3
15,1,40,3
15,1,41,3
15,1,42,4
15,2,0,4
15,2,1,5
15,2,2,5
15,2,3,5
15,2,4,5
15,2,5,5
15,2,6,5
15,2,7,4
15,2,8,3
15,2,9,3
15,2,10,3
15,2,11,3
15,2,12,31
15,2,13,17
15,2,14,34
15,2,15,34
15,2,16,34
15,2,17,34
15,2,18,34
15,2,19,34
15,2,20,34
15,2,21,34
15,2,22,34
15,2,23,34
15,2,24,34
15,2,25,34
15,2,26,34
15,2,27,34
15,2,28,34
15,2,29,34
15,2,30,17
15,2,31,118
15,2,32,119
15,2,33,3
15,2,34,3
15,2,35,3
15,2,36,121
15,2,37,118
15,2,38,17
15,2,39,3
15,2,40,3
15,2,41,3
15,2,42,4
15,3,0,25
15,3,1,3
15,3,2,3
15,3,3,3
15,3,4,3
15,3,5,3
15,3,6,3
15,3,7,38
15,3,8,3
15,3,9,3
15,3,10,3
15,3,11,3
15,3,12,3
15,3,13,17
15,3,14,34
15,3,15,34
15,3,16,34
15,3,17,34
15,3,18,34
15,3,19,34
15,3,20,34
15,3,21,34
15,3,22,34
15,3,23,34
15,3,24,34
15,3,25,34
15,3,26,34
15,3,27,34
15,3,28,34
15,3,29,34
15,3,30,17
15,3,31,120
15,3,32,121
15,3,33,3
15,3,34,3
15,3,35,3
15,3,36,119
15,3,37,118
15,3,38,17
15,3,39,14
15,3,40,3
15,3,41,3
15,3,42,37
15,4,0,3
15,4,1,3
15,4,2,3
15,4,3,3
15,4,4,3
15,4,5,3
15,4,6,3
15,4,7,3
15,4,8,3
15,4,9,3
15,4,10,3
15,4,11,3
15,4,12,3
15,4,13,17
15,4,14,34
15,4,15,34
15,4,16,34
15,4,17,34
15,4,18,34
15,4,19,34
15,4,20,34
15,4,21,34
15,4,22,34
15,4,23,34
15,4,24,34
15,4,25,34
15,4,26,34
15,4,27,34
15,4,28,34
15,4,29,34
15,4,30,17
15,4,31,120
15,4,32,42
15,4,33,3
15,4,34,3
15,4,35,3
15,4,36,42
15,4,37,118
15,4,38,17
15,4,39,17
15,4,40,3
15,4,41,3
15,4,42,3
15,5,0,3
15,5,1,3
15,5,2,3
15,5,3,3
15,5,4,3
15,5,5,3
15,5,6,3
15,5,7,3
15,5,8,3
15,5,9,3
15,5,10,3
15,5,11,3
15,5,12,3
15,5,13,17
15,5,14,43
15,5,15,43
15,5,16,43
15,5,17,43
15,5,18,43
15,5,19,43
15,5,20,43
15,5,21,43
15,5,22,43
15,5,23,43
15,5,24,43
15,5,25,43
15,5,26,43
15,5,27,43
15,5,28,43
15,5,29,43
15,5,30,17
15,5,31,43
15,5,32,34
15,5,33,80
15,5,34,42
15,5,35,80
15,5,36,34
15,5,37,43
15,5,38,6
15,5,39,17
15,5,40,3
15,5,41,3
15,5,42,3
15,6,0,3
15,6,1,3
15,6,2,3
15,6,3,3
15,6,4,3
15,6,5,3
15,6,6,3
15,6,7,3
15,6,8,3
15,6,9,3
15,6,10,3
15,6,11,3
15,6,12,3
15,6,13,17
15,6,14,34
15,6,15,34
15,6,16,26
15,6,17,26
15,6,18,34
15,6,19,34
15,6,20,34
15,6,21,26
15,6,22,26
15,6,23,34
15,6,24,34
15,6,25,34
15,6,26,26
15,6,27,26
15,6,28,34
15,6,29,34
15,6,30,17
15,6,31,43
15,6,32,4
15,6,33,4
15,6,34,4
15,6,35,4
15,6,36,4
15,6,37,43
15,6,38,122
15,6,39,17
15,6,40,3
15,6,41,3
15,6,42,3
15,7,0,3
15,7,1,3
15,7,2,3
15,7,3,3
15,7,4,3
15,7,5,3
15,7,6,3
15,7,7,3
15,7,8,3
15,7,9,3
15,7,10,3
15,7,11,3
15,7,12,3
15,7,13,17
15,7,14,34
15,7,15,34
15,7,16,42
15,7,17,42
15,7,18,34
15,7,19,34
15,7,20,34
15,7,21,42
15,7,22,42
15,7,23,34
15,7,24,34
15,7,25,34
15,7,26,42
15,7,27,42
15,7,28,34
15,7,29,34
15,7,30,17
15,7,31,43
15,7,32,34
15,7,33,34
15,7,34,34
15,7,35,34
15,7,36,34
15,7,37,43
15,7,38,17
15,7,39,17
15,8,13,17
15,8,14,43
15,8,15,43
15,8,16,43
15,8,17,43
15,8,18,43
15,8,19,43
15,8,20,43
15,8,21,43
15,8,22,43
15,8,23,43
15,8,24,43
15,8,25,43
15,8,26,43
15,8,27,43
15,8,28,43
15,8,29,43
15,8,30,17
15,8,31,43
15,8,32,43
15,8,33,43
15,8,34,43
15,8,35,43
15,8,36,43
15,8,37,43
15,8,38,17
15,8,39,18
15,9,13,43
15,9,14,43
15,9,15,43
15,9,16,43
15,9,17,43
15,9,18,43
15,9,19,43
15,9,20,43
15,9,21,43
15,9,22,43
15,9,23,43
15,9,24,43
15,9,25,43
15,9,26,43
15,9,27,43
15,9,28,43
15,9,29,43
15,9,30,43
15,9,31,43
15,9,32,43
15,9,33,43
15,9,34,43
15,9,35,43
15,9,36,43
15,9,37,43
15,9,38,43
15,10,12,26
15,10,13,26
15,10,14,26
15,10,15,26
15,10,16,26
15,10,17,26
15,10,18,26
15,10,19,26
15,10,20,26
15,10,21,26
15,10,22,26
15,10,23,26
15,10,24,26
15,10,25,26
15,10,26,26
15,10,27,26
15,10,28,26
15,10,29,26
15,10,30,26
15,10,31,26
15,10,32,26
15,10,33,26
15,10,34,26
15,10,35,26
15,10,36,26
15,10,37,26
15,10,38,26
15,10,39,26
16,0,7,0
16,0,8,7
16,0,9,7
16,0,10,7
16,0,11,7
16,0,12,7
16,0,13,7
16,0,14,7
16,0,15,7
16,0,16,7
16,0,17,7
16,0,18,7
16,0,19,7
16,0,20,7
16,0,21,7
16,0,22,7
16,0,23,7
16,0,24,7
16,0,25,7
16,0,26,7
16,0,27,7
16,0,28,7
16,0,29,7
16,0,30,7
16,0,31,0
16,0,32,7
16,0,33,7
16,0,34,7
16,0,35,7
16,0,36,7
16,0,37,0
16,0,38,7
16,0,39,7
16,0,40,7
16,0,41,7
16,0,42,0
16,1,0,1
16,1,1,1
16,1,2,1
16,1,5,1
16,1,6,1
16,1,7,5
16,1,8,3
16,1,9,3
16,1,10,3
16,1,11,3
16,1,12,3
16,1,13,3
16,1,14,72
16,1,15,3
16,1,16,3
16,1,17,3
16,1,18,3
16,1,19,72
16,1,20,3
16,1,21,3
16,1,22,3
16,1,23,3
16,1,24,72
16,1,25,3
16,1,26,3
16,1,27,3
16,1,28,3
16,1,29,72
16,1,30,3
16,1,31,3
16,1,32,3
16,1,33,3
16,1,34,3
16,1,35,3
16,1,36,3
16,1,37,3
16,1,38,3
16,1,39,3
16,1,40,3
16,1,41,3
16,1,42,5
16,2,7,5
16,2,8,3
16,2,9,3
16,2,10,3
16,2,11,3
16,2,12,3
16,2,13,3
16,2,14,82
16,2,15,82
16,2,16,82
16,2,17,82
16,2,18,82
16,2,19,82
16,2,20,82
16,2,21,82
16,2,22,82
16,2,23,82
16,2,24,82
16,2,25,82
16,2,26,82
16,2,27,82
16,2,28,82
16,2,29,82
16,2,30,3
16,2,31,3
16,2,32,3
16,2,33,3
16,2,34,3
16,2,35,3
16,2,36,3
16,2,37,3
16,2,38,3
16,2,39,3
16,2,40,3
16,2,41,3
16,2,42,5
16,3,7,3
16,3,8,3
16,3,9,3
16,3,10,3
16,3,11,3
16,3,12,3
16,3,13,3
16,3,14,72
16,3,15,72
16,3,16,72
16,3,17,72
16,3,18,72
16,3,19,72
16,3,20,72
16,3,21,72
16,3,22,72
16,3,23,72
16,3,24,72
16,3,25,72
16,3,26,72
16,3,27,72
16,3,28,72
16,3,29,72
16,3,30,3
16,3,31,3
16,3,32,3
16,3,33,3
16,3,34,3
16,3,35,3
16,3,36,3
16,3,37,3
16,3,38,3
16,3,39,3
16,3,40,3
16,3,41,3
16,3,42,3
16,4,7,3
16,4,8,3
16,4,9,3
16,4,10,3
16,4,11,3
16,4,12,3
16,4,13,3
16,4,14,82
16,4,15,3
16,4,16,3
16,4,17,3
16,4,18,3
16,4,19,82
16,4,20,3
16,4,21,3
16,4,22,3
16,4,23,3
16,4,24,82
16,4,25,3
16,4,26,3
16,4,27,3
16,4,28,3
16,4,29,82
16,4,30,3
16,4,31,3
16,4,32,3
16,4,33,3
16,4,34,3
16,4,35,3
16,4,36,3
16,4,37,3
16,4,38,3
16,4,39,3
16,4,40,3
16,4,41,3
16,4,42,3
16,5,7,3
16,5,8,3
16,5,9,3
16,5,10,3
16,5,11,3
16,5,12,3
16,5,13,114
16,5,14,72
16,5,15,3
16,5,16,101
16,5,17,101
16,5,18,43
16,5,19,43
16,5,20,43
16,5,21,101
16,5,22,101
16,5,23,43
16,5,24,43
16,5,25,43
16,5,26,101
16,5,27,101
16,5,28,3
16,5,29,72
16,5,30,3
16,5,31,3
16,5,32,3
16,5,33,3
16,5,34,3
16,5,35,3
16,5,36,3
16,5,37,3
16,5,38,3
16,5,39,3
16,5,40,3
16,5,41,3
16,5,42,3
16,6,14,82
16,6,15,65
16,6,19,72
16,6,24,72
16,6,28,58
16,6,29,82
16,6,34,114
16,6,39,3
16,6,40,3
16,6,41,3
16,6,42,3
16,7,14,72
16,7,15,63
16,7,19,82
16,7,24,82
16,7,28,87
16,7,29,72
16,8,14,82
16,8,15,82
16,8,16,123
16,8,17,123
16,8,18,43
16,8,19,43
16,8,20,43
16,8,21,123
16,8,22,123
16,8,23,43
16,8,24,43
16,8,25,43
16,8,26,123
16,8,27,123
16,8,28,82
16,8,29,82
16,8,38,105
16,8,39,105
16,9,12,103
16,9,13,103
16,9,14,103
16,9,15,103
16,9,16,103
16,9,17,103
16,9,18,103
16,9,19,103
16,9,20,103
16,9,21,103
16,9,22,103
16,9,23,103
16,9,24,103
16,9,25,103
16,9,26,103
16,9,27,103
16,9,28,103
16,9,29,103
16,9,30,103
16,9,31,103
16,9,32,103
16,9,33,103
16,9,34,103
16,9,35,103
16,9,36,103
16,9,37,103
16,9,38,103
16,9,39,103
17,0,7,0
17,0,8,7
17,0,9,7
17,0,10,7
17,0,11,7
17,0,12,7
17,0,13,7
17,0,14,7
17,0,15,7
17,0,16,7
17,0,17,7
17,0,18,7
17,0,19,7
17,0,20,7
17,0,21,7
17,0,22,7
17,0,23,7
17,0,24,7
17,0,25,7
17,0,26,7
17,0,27,7
17,0,28,7
17,0,29,7
17,0,30,7
17,0,31,0
17,0,32,7
17,0,33,7
17,0,34,7
17,0,35,7
17,0,36,7
17,0,37,0
17,0,38,7
17,0,39,7
17,0,40,7
17,0,41,7
17,0,42,0
17,1,0,1
17,1,5,1
17,1,6,1
17,1,7,5
17,1,8,3
17,1,9,15
17,1,10,3
17,1,11,3
17,1,12,3
17,1,13,3
17,1,14,3
17,1,15,3
17,1,16,3
17,1,17,3
17,1,18,3
17,1,19,3
17,1,20,3
17,1,21,3
17,1,22,3
17,1,23,3
17,1,24,3
17,1,25,3
17,1,26,3
17,1,27,3
17,1,28,3
17,1,29,3
17,1,30,3
17,1,31,3
17,1,32,3
17,1,33,3
17,1,34,3
17,1,35,3
17,1,36,3
17,1,37,3
17,1,38,3
17,1,39,3
17,1,40,3
17,1,41,3
17,1,42,5
17,2,1,1
17,2,4,1
17,2,7,5
17,2,8,3
17,2,9,3
17,2,10,3
17,2,11,3
17,2,12,3
17,2,13,3
17,2,14,3
17,2,15,3
17,2,16,3
17,2,17,3
17,2,18,3
17,2,19,3
17,2,20,3
17,2,21,3
17,2,22,3
17,2,23,3
17,2,24,3
17,2,25,3
17,2,26,3
17,2,27,3
17,2,28,3
17,2,29,3
17,2,30,3
17,2,31,3
17,2,32,3
17,2,33,3
17,2,34,3
17,2,35,3
17,2,36,3
17,2,37,3
17,2,38,3
17,2,39,3
17,2,40,3
17,2,41,3
17,2,42,5
17,3,7,3
17,3,8,3
17,3,9,3
17,3,10,3
17,3,11,3
17,3,12,3
17,3,13,3
17,3,14,3
17,3,15,3
17,3,16,3
17,3,17,3
17,3,18,3
17,3,19,3
17,3,20,3
17,3,21,3
17,3,22,3
17,3,23,3
17,3,24,3
17,3,25,3
17,3,26,3
17,3,27,3
17,3,28,3
17,3,29,3
17,3,30,3
17,3,31,3
17,3,32,3
17,3,33,3
17,3,34,3
17,3,35,3
17,3,36,3
17,3,37,3
17,3,38,3
17,3,39,3
17,3,40,3
17,3,41,3
17,3,42,3
17,4,7,3
17,4,8,3
17,4,9,3
17,4,10,3
17,4,11,3
17,4,12,3
17,4,13,3
17,4,14,3
17,4,15,3
17,4,16,3
17,4,17,3
17,4,18,3
17,4,19,3
17,4,20,3
17,4,21,3
17,4,22,3
17,4,23,3
17,4,24,3
17,4,25,3
17,4,26,3
17,4,27,3
17,4,28,3
17,4,29,3
17,4,30,3
17,4,31,3
17,4,32,3
17,4,33,3
17,4,34,3
17,4,35,3
17,4,36,3
17,4,37,3
17,4,38,3
17,4,39,3
17,4,40,3
17,4,41,3
17,4,42,3
17,5,7,3
17,5,8,3
17,5,9,3
17,5,10,3
17,5,11,3
17,5,12,3
17,5,13,3
17,5,14,3
17,5,15,3
17,5,16,3
17,5,17,3
17,5,18,3
17,5,19,3
17,5,20,3
17,5,21,3
17,5,22,3
17,5,23,3
17,5,24,3
17,5,25,3
17,5,26,3
17,5,27,3
17,5,28,3
17,5,29,3
17,5,30,3
17,5,31,3
17,5,32,3
17,5,33,3
17,5,34,3
17,5,35,3
17,5,36,3
17,5,37,3
17,5,38,3
17,5,39,3
17,5,40,3
17,5,41,3
17,5,42,3
17,6,39,3
17,6,40,3
17,6,41,3
17,6,42,3
17,9,12,26
17,9,13,26
17,9,14,26
17,9,15,26
17,9,16,26
17,9,17,26
17,9,18,26
17,9,19,26
17,9,20,26
17,9,21,26
17,9,22,26
17,9,23,26
17,9,24,26
17,9,25,26
17,9,26,26
17,9,27,26
17,9,28,26
17,9,29,26
17,9,30,26
17,9,31,26
17,9,32,26
17,9,33,26
17,9,34,26
17,9,35,26
17,9,36,26
17,9,37,26
17,9,38,26
17,9,39,26
18,0,7,0
18,0,8,7
18,0,9,7
18,0,10,7
18,0,11,7
18,0,12,7
18,0,13,7
18,0,14,7
18,0,15,7
18,0,16,7
18,0,17,7
18,0,18,7
18,0,19,7
18,0,20,7
18,0,21,7
18,0,22,7
18,0,23,7
18,0,24,7
18,0,25,7
18,0,26,7
18,0,27,7
18,0,28,7
18,0,29,7
18,0,30,7
18,0,31,0
18,0,32,7
18,0,33,7
18,0,34,7
18,0,35,7
18,0,36,7
18,0,37,0
18,0,38,7
18,0,39,7
18,0,40,7
18,0,41,7
18,0,42,0
18,1,0,1
18,1,5,1
18,1,6,1
18,1,7,5
18,1,8,3
18,1,9,3
18,1,10,3
18,1,11,3
18,1,12,3
18,1,13,3
18,1,14,3
18,1,15,3
18,1,16,3
18,1,17,3
18,1,18,3
18,1,19,3
18,1,20,3
18,1,21,3
18,1,22,3
18,1,23,3
18,1,24,3
18,1,25,3
18,1,26,3
18,1,27,3
18,1,28,3
18,1,29,3
18,1,30,3
18,1,31,3
18,1,32,3
18,1,33,3
18,1,34,3
18,1,35,3
18,1,36,3
18,1,37,3
18,1,38,3
18,1,39,3
18,1,40,3
18,1,41,3
18,1,42,5
18,2,4,124
18,2,7,5
18,2,8,3
18,2,9,3
18,2,10,3
18,2,11,3
18,2,12,3
18,2,13,3
18,2,14,3
18,2,15,3
18,2,16,3
18,2,17,3
18,2,18,3
18,2,19,3
18,2,20,3
18,2,21,3
18,2,22,3
18,2,23,3
18,2,24,3
18,2,25,3
18,2,26,3
18,2,27,3
18,2,28,3
18,2,29,3
18,2,30,3
18,2,31,3
18,2,32,3
18,2,33,3
18,2,34,3
18,2,35,3
18,2,36,3
18,2,37,3
18,2,38,3
18,2,39,3
18,2,40,3
18,2,41,3
18,2,42,5
18,3,2,8
18,3,3,1
18,3,7,3
18,3,8,3
18,3,9,3
18,3,10,3
18,3,11,3
18,3,12,3
18,3,13,3
18,3,14,3
18,3,15,3
18,3,16,3
18,3,17,3
18,3,18,3
18,3,19,3
18,3,20,3
18,3,21,3
18,3,22,3
18,3,23,3
18,3,24,3
18,3,25,3
18,3,26,3
18,3,27,3
18,3,28,3
18,3,29,3
18,3,30,3
18,3,31,3
18,3,32,3
18,3,33,3
18,3,34,3
18,3,35,3
18,3,36,3
18,3,37,3
18,3,38,3
18,3,39,3
18,3,40,3
18,3,41,3
18,3,42,3
18,4,7,3
18,4,8,3
18,4,9,3
18,4,10,3
18,4,11,3
18,4,12,3
18,4,13,3
18,4,14,3
18,4,15,3
18,4,16,3
18,4,17,3
18,4,18,3
18,4,19,3
18,4,20,3
18,4,21,3
18,4,22,3
18,4,23,3
18,4,24,3
18,4,25,3
18,4,26,3
18,4,27,3
18,4,28,3
18,4,29,3
18,4,30,3
18,4,31,3
18,4,32,3
18,4,33,3
18,4,34,3
18,4,35,3
18,4,36,3
18,4,37,3
18,4,38,3
18,4,39,3
18,4,40,3
18,4,41,3
18,4,42,3
18,5,7,3
18,5,8,3
18,5,9,3
18,5,10,3
18,5,11,3
18,5,12,3
18,5,13,3
18,5,14,3
18,5,15,3
18,5,16,3
18,5,17,3
18,5,18,3
18,5,19,3
18,5,20,3
18,5,21,3
18,5,22,3
18,5,23,3
18,5,24,3
18,5,25,3
18,5,26,3
18,5,27,3
18,5,28,3
18,5,29,3
18,5,30,3
18,5,31,3
18,5,32,3
18,5,33,3
18,5,34,3
18,5,35,3
18,5,36,3
18,5,37,3
18,5,38,3
18,5,39,3
18,5,40,3
18,5,41,3
18,5,42,3
18,6,39,3
18,6,40,3
18,6,41,3
18,6,42,3
19,0,7,0
19,0,8,0
19,0,9,0
19,0,10,0
19,0,11,0
19,0,12,0
19,0,13,0
19,0,14,0
19,0,15,0
19,0,16,0
19,0,17,0
19,0,18,0
19,0,19,0
19,0,20,0
19,0,21,0
19,0,22,0
19,0,23,0
19,0,24,0
19,0,25,0
19,0,26,0
19,0,27,0
19,0,28,0
19,0,29,0
19,0,30,0
19,0,31,0
19,0,32,0
19,0,33,0
19,0,34,0
19,0,35,0
19,0,36,0
19,0,37,0
19,0,38,0
19,0,39,0
19,0,40,0
19,0,41,0
19,0,42,0
19,1,0,124
19,1,5,1
19,1,6,1
19,1,7,4
19,1,8,5
19,1,9,5
19,1,10,4
19,1,11,5
19,1,12,5
19,1,13,5
19,1,14,5
19,1,15,4
19,1,16,5
19,1,17,5
19,1,18,5
19,1,19,5
19,1,20,4
19,1,21,5
19,1,22,5
19,1,23,5
19,1,24,5
19,1,25,4
19,1,26,5
19,1,27,5
19,1,28,5
19,1,29,5
19,1,30,62
19,1,31,3
19,1,32,3
19,1,33,3
19,1,34,3
19,1,35,3
19,1,36,3
19,1,37,3
19,1,38,62
19,1,39,5
19,1,40,5
19,1,41,5
19,1,42,4
19,2,2,1
19,2,3,1
19,2,7,4
19,2,8,5
19,2,9,5
19,2,10,4
19,2,11,5
19,2,12,5
19,2,13,5
19,2,14,5
19,2,15,4
19,2,16,5
19,2,17,5
19,2,18,5
19,2,19,5
19,2,20,4
19,2,21,5
19,2,22,5
19,2,23,5
19,2,24,5
19,2,25,4
19,2,26,5
19,2,27,5
19,2,28,5
19,2,29,5
19,2,30,62
19,2,31,3
19,2,32,3
19,2,33,3
19,2,34,3
19,2,35,3
19,2,36,3
19,2,37,3
19,2,38,62
19,2,39,5
19,2,40,5
19,2,41,5
19,2,42,4
19,3,7,38
19,3,8,3
19,3,9,3
19,3,10,38
19,3,11,3
19,3,12,3
19,3,13,3
19,3,14,3
19,3,15,38
19,3,16,3
19,3,17,3
19,3,18,3
19,3,19,3
19,3,20,38
19,3,21,3
19,3,22,3
19,3,23,3
19,3,24,3
19,3,25,38
19,3,26,3
19,3,27,3
19,3,28,3
19,3,29,3
19,3,30,4
19,3,31,3
19,3,32,3
19,3,33,3
19,3,34,3
19,3,35,3
19,3,36,3
19,3,37,3
19,3,38,4
19,3,39,3
19,3,40,3
19,3,41,3
19,3,42,38
19,4,7,3
19,4,8,3
19,4,9,3
19,4,10,3
19,4,11,3
19,4,12,3
19,4,13,3
19,4,14,3
19,4,15,3
19,4,16,3
19,4,17,3
19,4,18,3
19,4,19,3
19,4,20,3
19,4,21,3
19,4,22,3
19,4,23,3
19,4,24,3
19,4,25,3
19,4,26,3
19,4,27,3
19,4,28,3
19,4,29,3
19,4,30,3
19,4,31,3
19,4,32,3
19,4,33,3
19,4,34,3
19,4,35,3
19,4,36,3
19,4,37,3
19,4,38,3
19,4,39,3
19,4,40,3
19,4,41,3
19,4,42,3
19,5,7,3
19,5,8,3
19,5,9,3
19,5,10,3
19,5,11,3
19,5,12,3
19,5,13,3
19,5,14,3
19,5,15,3
19,5,16,3
19,5,17,3
19,5,18,3
19,5,19,3
19,5,20,3
19,5,21,3
19,5,22,3
19,5,23,3
19,5,24,3
19,5,25,3
19,5,26,3
19,5,27,3
19,5,28,3
19,5,29,3
19,5,30,3
19,5,31,3
19,5,32,3
19,5,33,3
19,5,34,3
19,5,35,3
19,5,36,3
19,5,37,3
19,5,38,3
19,5,39,3
19,5,40,3
19,5,41,3
19,5,42,3
19,6,39,3
19,6,40,3
19,6,41,3
19,6,42,3